335.043    66.087              0
2.96583e+07
2.99393e+07
3.03565e+07
3.00755e+07
      3e+07
          0
15.3697    15.3697              0
2.99996e+07
2.99999e+07
      3e+07
2.99997e+07
      3e+07
          0
30.7394    15.3697              0
2.99993e+07
2.99999e+07
3.00001e+07
2.99995e+07
      3e+07
          0
49.1831    18.4437              0
2.97616e+07
 2.9618e+07
3.45882e+07
3.47318e+07
      3e+07
          0
71.3155    22.1324              0
2.97773e+07
2.96424e+07
3.46041e+07
3.47389e+07
      3e+07
          0
97.8744    26.5589              0
2.48338e+07
2.02478e+07
2.51649e+07
 2.9751e+07
      3e+07
          0
129.745    31.8706              0
2.98689e+07
 3.0177e+07
3.01776e+07
2.98695e+07
      3e+07
          0
167.99    38.2448              0
2.99197e+07
3.01966e+07
3.00968e+07
2.98198e+07
      3e+07
          0
213.884    45.8937              0
2.98236e+07
3.01185e+07
3.02222e+07
2.99273e+07
      3e+07
          0
268.956    55.0725              0
3.00098e+07
3.02966e+07
3.00302e+07
2.97435e+07
      3e+07
          0
335.043    66.087              0
2.96583e+07
2.99393e+07
3.03565e+07
3.00755e+07
      3e+07
          0
15.3697    15.3697              0
2.99996e+07
2.99999e+07
      3e+07
2.99997e+07
      3e+07
          0
30.7394    15.3697              0
2.99993e+07
2.99999e+07
3.00001e+07
2.99995e+07
      3e+07
          0
49.1831    18.4437              0
2.97616e+07
 2.9618e+07
3.45882e+07
3.47318e+07
      3e+07
          0
71.3155    22.1324              0
2.97773e+07
2.96424e+07
3.46041e+07
3.47389e+07
      3e+07
          0
97.8744    26.5589              0
2.48338e+07
2.02478e+07
2.51649e+07
 2.9751e+07
      3e+07
          0
129.745    31.8706              0
2.98689e+07
 3.0177e+07
3.01776e+07
2.98695e+07
      3e+07
          0
167.99    38.2448              0
2.99197e+07
3.01966e+07
3.00968e+07
2.98198e+07
      3e+07
          0
213.884    45.8937              0
2.98236e+07
3.01185e+07
3.02222e+07
2.99273e+07
      3e+07
          0
268.956    55.0725              0
3.00098e+07
3.02966e+07
3.00302e+07
2.97435e+07
      3e+07
          0
335.043    66.087              0
2.96583e+07
2.99393e+07
3.03565e+07
3.00755e+07
      3e+07
          0
15.3697    15.3697              0
2.99996e+07
2.99999e+07
      3e+07
2.99997e+07
      3e+07
          0
30.7394    15.3697              0
2.99993e+07
2.99999e+07
3.00001e+07
2.99995e+07
      3e+07
          0
49.1831    18.4437              0
2.97616e+07
 2.9618e+07
3.45882e+07
3.47318e+07
      3e+07
          0
71.3155    22.1324              0
2.97773e+07
2.96424e+07
3.46041e+07
3.47389e+07
      3e+07
          0
97.8744    26.5589              0
2.48338e+07
2.02478e+07
2.51649e+07
 2.9751e+07
      3e+07
          0
129.745    31.8706              0
2.98689e+07
 3.0177e+07
3.01776e+07
2.98695e+07
      3e+07
          0
167.99    38.2448              0
2.99197e+07
3.01966e+07
3.00968e+07
2.98198e+07
      3e+07
          0
213.884    45.8937              0
2.98236e+07
3.01185e+07
3.02222e+07
2.99273e+07
      3e+07
          0
268.956    55.0725              0
3.00098e+07
3.02966e+07
3.00302e+07
2.97435e+07
      3e+07
          0
335.043    66.087              0
2.96583e+07
2.99393e+07
3.03565e+07
3.00755e+07
      3e+07
          0
15.3697    15.3697              0
2.99996e+07
2.99999e+07
      3e+07
2.99997e+07
      3e+07
          0
30.7394    15.3697              0
2.99993e+07
2.99999e+07
3.00001e+07
2.99995e+07
      3e+07
          0
49.1831    18.4437              0
2.97616e+07
 2.9618e+07
3.45882e+07
3.47318e+07
      3e+07
          0
71.3155    22.1324              0
2.97773e+07
2.96424e+07
3.46041e+07
3.47389e+07
      3e+07
          0
15.3697    15.3697              0
2.99996e+07
2.99999e+07
      3e+07
2.99997e+07
      3e+07
          0
30.7394    15.3697              0
2.99993e+07
2.99999e+07
3.00001e+07
2.99995e+07
      3e+07
          0
49.1831    18.4437              0
2.97616e+07
 2.9618e+07
3.45882e+07
3.47318e+07
      3e+07
          0
71.3155    22.1324              0
2.97773e+07
2.96424e+07
3.46041e+07
3.47389e+07
      3e+07
          0
97.8744    26.5589              0
2.48338e+07
2.02478e+07
2.51649e+07
 2.9751e+07
      3e+07
          0
129.745    31.8706              0
2.98689e+07
 3.0177e+07
3.01776e+07
2.98695e+07
      3e+07
          0
167.99    38.2448              0
2.99197e+07
3.01966e+07
3.00968e+07
2.98198e+07
      3e+07
          0
213.884    45.8937              0
2.98236e+07
3.01185e+07
3.02222e+07
2.99273e+07
      3e+07
          0
268.956    55.0725              0
3.00098e+07
3.02966e+07
3.00302e+07
2.97435e+07
      3e+07
          0
335.043    66.087              0
2.96583e+07
2.99393e+07
3.03565e+07
3.00755e+07
      3e+07
          0
