4.5833    4.5833    0 0 0 0 0 0 0 0 0 0 0 0 0 0 0 0 0 0 0 0 0 0 0 0 0 0 0 0 0 0 0 0 0 0 0 0 0 0 0 0 0
9.1666    4.5833    1.01996e-20 9.59659e-21 1.16314e-20 1.14073e-20 3.11053e-20  4.9546e-20 7.55519e-20 2.52012e-24 1.32807e-36 3.38032e-36 3.90312e-36 2.45737e-35 2.04989e-35 5.23393e-36 6.49073e-36 2.84327e-35  1.7009e-35 1.19953e-35 9.62939e-36 3.12491e-35 1.85613e-35   1.503e-35  9.0247e-36  3.2815e-35 1.87743e-35 1.52914e-35 9.99026e-36   3.005e-35 2.13511e-35  1.1589e-35 8.90511e-36 3.28901e-35 1.70002e-35 1.57303e-35 1.83738e-35 5.33687e-25 5.43447e-21 4.64525e-20 1.28694e-19 7.82736e-20 7.69284e-22
14.6666    5.49996     3.8151e-20 4.56897e-20 3.07234e-20 6.35567e-20 1.28915e-19 1.22126e-19 7.23984e-20 3.24562e-24 3.48037e-36 1.79557e-36 3.53423e-36 3.46713e-36  4.8522e-36 2.51325e-36 2.11009e-36 1.21691e-35 7.35467e-36  8.9022e-36 4.88404e-36  1.6098e-35 9.12217e-36 1.15711e-35 5.76795e-36 1.49567e-35 1.06082e-35 8.37939e-36 6.67182e-36 1.35794e-35 1.00171e-35  6.7923e-36 6.42743e-36 2.01811e-35 9.58618e-36 2.26399e-35 7.36962e-36 3.73292e-25 2.20536e-21 3.64572e-19   9.016e-20 9.15782e-20 1.16194e-21
21.2665    6.59995    5.64303e-20 1.21102e-19 2.44969e-20 1.13773e-19  1.4542e-19  1.7131e-19  5.0531e-20  4.1235e-24 3.36599e-36 2.34674e-37 3.03529e-36  5.8367e-36 1.62589e-35 1.55028e-35 3.63335e-36 4.08382e-36 4.66705e-36 7.09621e-36 1.08581e-36 2.07484e-36 6.56441e-36 7.72505e-36  8.8053e-37 2.58877e-36 6.56274e-36 5.20652e-36 8.27251e-37 5.07202e-36  7.8573e-36 3.71202e-36 3.44488e-36 1.03447e-35 9.77615e-36  8.6194e-36 1.26707e-35 2.82617e-25 1.79449e-21  1.6007e-19 5.86681e-20 6.42824e-20 7.26379e-22
29.1864    7.91994     4.8056e-20 1.11151e-19   4.036e-20 6.29285e-20 2.35828e-19 8.45425e-20 1.40285e-19 1.40748e-23  2.0909e-36  1.4226e-36 4.69035e-36 1.75439e-35 1.73746e-35 4.44854e-36  3.2409e-36 1.06893e-35 1.86385e-35 1.09222e-35 3.31251e-36 3.34858e-36 1.74396e-35  1.7128e-35 1.56279e-36 2.85298e-36 1.50939e-35  1.3862e-35 1.13754e-36 1.73256e-36 8.54439e-36 1.50704e-35 4.54802e-36 7.48331e-36 1.74137e-35 6.64655e-36 1.64475e-35 3.59117e-25 2.18477e-21 2.98648e-19 3.80142e-20 3.69733e-20 9.12841e-22
38.6904    9.50393    6.54388e-20 2.63388e-19 4.50812e-20 1.04618e-19  1.7892e-19 1.69198e-19 2.33665e-19 1.63132e-23 4.83999e-36 6.10313e-36 3.59098e-36 1.59817e-35 1.40633e-35 4.94193e-36 2.66118e-36 8.09322e-36 1.18325e-36 8.26351e-36 5.21978e-37 5.77964e-36 4.41278e-36 2.26551e-36 1.56675e-36 2.68456e-36 4.69728e-36 2.98291e-36 3.45509e-36 6.30925e-36 8.09444e-36 8.85972e-36 1.42015e-36 1.15271e-35 2.45766e-35 2.54361e-35 2.16761e-35  7.0293e-25 3.36135e-21 3.68857e-19 1.69809e-19 1.47076e-19 7.38726e-22
50.0951    11.4047    1.99927e-19 1.97951e-19 5.86588e-20 3.63415e-19 3.61566e-19 4.24589e-19  9.3624e-20  1.9926e-23 1.04995e-35 1.07729e-35  3.3239e-36 1.27109e-36 4.27643e-36 4.83297e-36 2.21282e-36 1.67684e-36 1.65668e-36 2.59535e-36 4.32511e-36 1.94858e-36 5.94173e-36 4.73596e-36 4.02598e-36  4.2291e-36 7.42012e-36  1.3856e-35 1.99219e-36 4.69678e-36 1.38715e-35 6.90694e-36 6.15437e-36 2.98935e-35 3.46789e-35 1.92452e-35 4.30078e-35 7.24157e-25 1.80143e-21   4.156e-19 1.26475e-19 1.61538e-19 1.97543e-21
63.7807    13.6857    2.86486e-19 3.42992e-19 5.84591e-20 5.28895e-19 5.36977e-19 4.33626e-19  5.2211e-19 1.44568e-23 1.84583e-35 1.45047e-35 7.38606e-36 4.26937e-35 2.20005e-35 2.40786e-35 1.07817e-35 1.90248e-35 5.77541e-36 1.53734e-35 2.10206e-36  9.5805e-36 4.76463e-36 1.09659e-35 1.61084e-36 4.65124e-36 7.16905e-36 4.03519e-36 4.18918e-36  6.4766e-36 1.91054e-35 1.06756e-35 4.21433e-36 2.47612e-35 6.71467e-35 5.92933e-35 6.21501e-35 1.46768e-24 4.72426e-21 6.66381e-19 1.88241e-19 2.19408e-19 2.43287e-22
63.7808    0.0001    2.86349e-19 3.42101e-19 5.81338e-20 5.23896e-19  5.3332e-19 4.33154e-19 5.21943e-19 1.44649e-23 1.84812e-35 1.45226e-35 7.39023e-36 4.28039e-35 2.20007e-35 2.40351e-35 1.07931e-35 1.90386e-35 5.77429e-36 1.53706e-35 2.10264e-36 9.57713e-36 4.76676e-36 1.09739e-35 1.60983e-36 4.65492e-36  7.1767e-36 4.03705e-36 4.19367e-36 6.45341e-36 1.90117e-35  1.0657e-35 4.20592e-36 2.49313e-35 6.70043e-35 5.88611e-35 6.24823e-35 1.48668e-24 4.75345e-21 6.62715e-19 1.87711e-19 2.18925e-19 2.42733e-22
63.7809    0.0001     2.8672e-19 3.43037e-19 5.83876e-20  5.2925e-19 5.36633e-19  4.3174e-19 5.20873e-19 1.44514e-23 1.84639e-35 1.45091e-35 7.38341e-36 4.26891e-35 2.20098e-35  2.4089e-35 1.07875e-35 1.90179e-35 5.77125e-36 1.53745e-35  2.1024e-36 9.58027e-36 4.76225e-36 1.09591e-35 1.60976e-36 4.64944e-36 7.17254e-36 4.03936e-36 4.19332e-36 6.47602e-36 1.90808e-35 1.06619e-35 4.20934e-36 2.47942e-35 6.76593e-35 5.98062e-35 6.24867e-35 1.46834e-24  4.7178e-21 6.65439e-19 1.87888e-19 2.19365e-19 2.43311e-22
1e+07    1e+07    0 0 0 0 0 0 0 0 0 0 0 0 0 0 0 0 0 0 0 0 0 0 0 0 0 0 0 0 0 0 0 0 0 0 0 0 0 0 0 0 0
2e+07    1e+07    nan nan nan nan nan nan nan nan nan nan nan nan nan nan nan nan nan nan nan nan nan nan nan nan nan nan nan nan nan nan nan nan nan nan nan nan nan nan nan nan nan
3e+07    1e+07    nan nan nan nan nan nan nan nan nan nan nan nan nan nan nan nan nan nan nan nan nan nan nan nan nan nan nan nan nan nan nan nan nan nan nan nan nan nan nan nan nan
4e+07    1e+07    nan nan nan nan nan nan nan nan nan nan nan nan nan nan nan nan nan nan nan nan nan nan nan nan nan nan nan nan nan nan nan nan nan nan nan nan nan nan nan nan nan
5e+07    1e+07    nan nan nan nan nan nan nan nan nan nan nan nan nan nan nan nan nan nan nan nan nan nan nan nan nan nan nan nan nan nan nan nan nan nan nan nan nan nan nan nan nan
6e+07    1e+07    nan nan nan nan nan nan nan nan nan nan nan nan nan nan nan nan nan nan nan nan nan nan nan nan nan nan nan nan nan nan nan nan nan nan nan nan nan nan nan nan nan
7e+07    1e+07    nan nan nan nan nan nan nan nan nan nan nan nan nan nan nan nan nan nan nan nan nan nan nan nan nan nan nan nan nan nan nan nan nan nan nan nan nan nan nan nan nan
8e+07    1e+07    nan nan nan nan nan nan nan nan nan nan nan nan nan nan nan nan nan nan nan nan nan nan nan nan nan nan nan nan nan nan nan nan nan nan nan nan nan nan nan nan nan
9e+07    1e+07    nan nan nan nan nan nan nan nan nan nan nan nan nan nan nan nan nan nan nan nan nan nan nan nan nan nan nan nan nan nan nan nan nan nan nan nan nan nan nan nan nan
1e+08    1e+07    nan nan nan nan nan nan nan nan nan nan nan nan nan nan nan nan nan nan nan nan nan nan nan nan nan nan nan nan nan nan nan nan nan nan nan nan nan nan nan nan nan
1e+07    1e+07    0 0 0 0 0 0 0 0 0 0 0 0 0 0 0 0 0 0 0 0 0 0 0 0 0 0 0 0 0 0 0 0 0 0 0 0 0 0 0 0 0
2e+07    1e+07    nan nan nan nan nan nan nan nan nan nan nan nan nan nan nan nan nan nan nan nan nan nan nan nan nan nan nan nan nan nan nan nan nan nan nan nan nan nan nan nan nan
3e+07    1e+07    nan nan nan nan nan nan nan nan nan nan nan nan nan nan nan nan nan nan nan nan nan nan nan nan nan nan nan nan nan nan nan nan nan nan nan nan nan nan nan nan nan
4e+07    1e+07    nan nan nan nan nan nan nan nan nan nan nan nan nan nan nan nan nan nan nan nan nan nan nan nan nan nan nan nan nan nan nan nan nan nan nan nan nan nan nan nan nan
5e+07    1e+07    nan nan nan nan nan nan nan nan nan nan nan nan nan nan nan nan nan nan nan nan nan nan nan nan nan nan nan nan nan nan nan nan nan nan nan nan nan nan nan nan nan
6e+07    1e+07    nan nan nan nan nan nan nan nan nan nan nan nan nan nan nan nan nan nan nan nan nan nan nan nan nan nan nan nan nan nan nan nan nan nan nan nan nan nan nan nan nan
7e+07    1e+07    nan nan nan nan nan nan nan nan nan nan nan nan nan nan nan nan nan nan nan nan nan nan nan nan nan nan nan nan nan nan nan nan nan nan nan nan nan nan nan nan nan
8e+07    1e+07    nan nan nan nan nan nan nan nan nan nan nan nan nan nan nan nan nan nan nan nan nan nan nan nan nan nan nan nan nan nan nan nan nan nan nan nan nan nan nan nan nan
9e+07    1e+07    nan nan nan nan nan nan nan nan nan nan nan nan nan nan nan nan nan nan nan nan nan nan nan nan nan nan nan nan nan nan nan nan nan nan nan nan nan nan nan nan nan
1e+08    1e+07    nan nan nan nan nan nan nan nan nan nan nan nan nan nan nan nan nan nan nan nan nan nan nan nan nan nan nan nan nan nan nan nan nan nan nan nan nan nan nan nan nan
4.5833    4.5833    0 0 0 0 0 0 0 0 0 0 0 0 0 0 0 0 0 0 0 0 0 0 0 0 0 0 0 0 0 0 0 0 0 0 0 0 0 0 0 0 0
9.1666    4.5833    1.01996e-20 9.59659e-21 1.16314e-20 1.14073e-20 3.11053e-20  4.9546e-20 7.55519e-20 2.52012e-24 1.32807e-36 3.38032e-36 3.90312e-36 2.45737e-35 2.04989e-35 5.23393e-36 6.49073e-36 2.84327e-35  1.7009e-35 1.19953e-35 9.62939e-36 3.12491e-35 1.85613e-35   1.503e-35  9.0247e-36  3.2815e-35 1.87743e-35 1.52914e-35 9.99026e-36   3.005e-35 2.13511e-35  1.1589e-35 8.90511e-36 3.28901e-35 1.70002e-35 1.57303e-35 1.83738e-35 5.33687e-25 5.43447e-21 4.64525e-20 1.28694e-19 7.82736e-20 7.69284e-22
14.6666    5.49996     3.8151e-20 4.56897e-20 3.07234e-20 6.35567e-20 1.28915e-19 1.22126e-19 7.23984e-20 3.24562e-24 3.48037e-36 1.79557e-36 3.53423e-36 3.46713e-36  4.8522e-36 2.51325e-36 2.11009e-36 1.21691e-35 7.35467e-36  8.9022e-36 4.88404e-36  1.6098e-35 9.12217e-36 1.15711e-35 5.76795e-36 1.49567e-35 1.06082e-35 8.37939e-36 6.67182e-36 1.35794e-35 1.00171e-35  6.7923e-36 6.42743e-36 2.01811e-35 9.58618e-36 2.26399e-35 7.36962e-36 3.73292e-25 2.20536e-21 3.64572e-19   9.016e-20 9.15782e-20 1.16194e-21
21.2665    6.59995    5.64303e-20 1.21102e-19 2.44969e-20 1.13773e-19  1.4542e-19  1.7131e-19  5.0531e-20  4.1235e-24 3.36599e-36 2.34674e-37 3.03529e-36  5.8367e-36 1.62589e-35 1.55028e-35 3.63335e-36 4.08382e-36 4.66705e-36 7.09621e-36 1.08581e-36 2.07484e-36 6.56441e-36 7.72505e-36  8.8053e-37 2.58877e-36 6.56274e-36 5.20652e-36 8.27251e-37 5.07202e-36  7.8573e-36 3.71202e-36 3.44488e-36 1.03447e-35 9.77615e-36  8.6194e-36 1.26707e-35 2.82617e-25 1.79449e-21  1.6007e-19 5.86681e-20 6.42824e-20 7.26379e-22
29.1864    7.91994     4.8056e-20 1.11151e-19   4.036e-20 6.29285e-20 2.35828e-19 8.45425e-20 1.40285e-19 1.40748e-23  2.0909e-36  1.4226e-36 4.69035e-36 1.75439e-35 1.73746e-35 4.44854e-36  3.2409e-36 1.06893e-35 1.86385e-35 1.09222e-35 3.31251e-36 3.34858e-36 1.74396e-35  1.7128e-35 1.56279e-36 2.85298e-36 1.50939e-35  1.3862e-35 1.13754e-36 1.73256e-36 8.54439e-36 1.50704e-35 4.54802e-36 7.48331e-36 1.74137e-35 6.64655e-36 1.64475e-35 3.59117e-25 2.18477e-21 2.98648e-19 3.80142e-20 3.69733e-20 9.12841e-22
38.6904    9.50393    6.54388e-20 2.63388e-19 4.50812e-20 1.04618e-19  1.7892e-19 1.69198e-19 2.33665e-19 1.63132e-23 4.83999e-36 6.10313e-36 3.59098e-36 1.59817e-35 1.40633e-35 4.94193e-36 2.66118e-36 8.09322e-36 1.18325e-36 8.26351e-36 5.21978e-37 5.77964e-36 4.41278e-36 2.26551e-36 1.56675e-36 2.68456e-36 4.69728e-36 2.98291e-36 3.45509e-36 6.30925e-36 8.09444e-36 8.85972e-36 1.42015e-36 1.15271e-35 2.45766e-35 2.54361e-35 2.16761e-35  7.0293e-25 3.36135e-21 3.68857e-19 1.69809e-19 1.47076e-19 7.38726e-22
50.0951    11.4047    1.99927e-19 1.97951e-19 5.86588e-20 3.63415e-19 3.61566e-19 4.24589e-19  9.3624e-20  1.9926e-23 1.04995e-35 1.07729e-35  3.3239e-36 1.27109e-36 4.27643e-36 4.83297e-36 2.21282e-36 1.67684e-36 1.65668e-36 2.59535e-36 4.32511e-36 1.94858e-36 5.94173e-36 4.73596e-36 4.02598e-36  4.2291e-36 7.42012e-36  1.3856e-35 1.99219e-36 4.69678e-36 1.38715e-35 6.90694e-36 6.15437e-36 2.98935e-35 3.46789e-35 1.92452e-35 4.30078e-35 7.24157e-25 1.80143e-21   4.156e-19 1.26475e-19 1.61538e-19 1.97543e-21
63.7807    13.6857    2.86486e-19 3.42992e-19 5.84591e-20 5.28895e-19 5.36977e-19 4.33626e-19  5.2211e-19 1.44568e-23 1.84583e-35 1.45047e-35 7.38606e-36 4.26937e-35 2.20005e-35 2.40786e-35 1.07817e-35 1.90248e-35 5.77541e-36 1.53734e-35 2.10206e-36  9.5805e-36 4.76463e-36 1.09659e-35 1.61084e-36 4.65124e-36 7.16905e-36 4.03519e-36 4.18918e-36  6.4766e-36 1.91054e-35 1.06756e-35 4.21433e-36 2.47612e-35 6.71467e-35 5.92933e-35 6.21501e-35 1.46768e-24 4.72426e-21 6.66381e-19 1.88241e-19 2.19408e-19 2.43287e-22
63.7808    0.0001    2.86349e-19 3.42101e-19 5.81338e-20 5.23896e-19  5.3332e-19 4.33154e-19 5.21943e-19 1.44649e-23 1.84812e-35 1.45226e-35 7.39023e-36 4.28039e-35 2.20007e-35 2.40351e-35 1.07931e-35 1.90386e-35 5.77429e-36 1.53706e-35 2.10264e-36 9.57713e-36 4.76676e-36 1.09739e-35 1.60983e-36 4.65492e-36  7.1767e-36 4.03705e-36 4.19367e-36 6.45341e-36 1.90117e-35  1.0657e-35 4.20592e-36 2.49313e-35 6.70043e-35 5.88611e-35 6.24823e-35 1.48668e-24 4.75345e-21 6.62715e-19 1.87711e-19 2.18925e-19 2.42733e-22
63.7809    0.0001     2.8672e-19 3.43037e-19 5.83876e-20  5.2925e-19 5.36633e-19  4.3174e-19 5.20873e-19 1.44514e-23 1.84639e-35 1.45091e-35 7.38341e-36 4.26891e-35 2.20098e-35  2.4089e-35 1.07875e-35 1.90179e-35 5.77125e-36 1.53745e-35  2.1024e-36 9.58027e-36 4.76225e-36 1.09591e-35 1.60976e-36 4.64944e-36 7.17254e-36 4.03936e-36 4.19332e-36 6.47602e-36 1.90808e-35 1.06619e-35 4.20934e-36 2.47942e-35 6.76593e-35 5.98062e-35 6.24867e-35 1.46834e-24  4.7178e-21 6.65439e-19 1.87888e-19 2.19365e-19 2.43311e-22
5.26293    5.26293    0 0 0 0 0 0 0 0 0 0 0 0 0 0 0 0 0 0 0 0 0 0 0 0 0 0 0 0 0 0 0 0 0 0 0 0 0 0 0 0 0
10.5259    5.26293    1.02247e-20 9.60616e-21 1.16338e-20 1.14117e-20 3.11269e-20  4.9601e-20 7.55993e-20 2.52096e-24  1.3276e-36 3.38167e-36 3.90259e-36 2.45704e-35 2.04899e-35 5.23699e-36 6.49307e-36 2.84332e-35 1.70097e-35 1.19955e-35 9.62998e-36 3.12493e-35 1.85582e-35 1.50349e-35 9.02384e-36 3.28199e-35 1.87769e-35 1.52936e-35 9.99154e-36 3.00533e-35 2.13565e-35 1.15871e-35  8.9044e-36 3.28912e-35 1.69982e-35 1.57328e-35 1.83747e-35  5.3372e-25 5.43495e-21 4.64725e-20   1.287e-19 7.82809e-20 7.69263e-22
16.8414    6.31552    3.81707e-20 4.55697e-20 3.07035e-20 6.35583e-20 1.28796e-19 1.22352e-19 7.21406e-20 3.23585e-24 3.48042e-36 1.79652e-36 3.53735e-36 3.45375e-36 4.83768e-36 2.51419e-36 2.10979e-36 1.21584e-35 7.34939e-36 8.90082e-36 4.88445e-36  1.6086e-35 9.11309e-36 1.15724e-35 5.76728e-36 1.49507e-35 1.06055e-35 8.37703e-36 6.67173e-36 1.35756e-35 1.00152e-35 6.78957e-36 6.42593e-36 2.01757e-35 9.57935e-36 2.26505e-35 7.36655e-36 3.73331e-25 2.20443e-21 3.64648e-19 9.01067e-20 9.15314e-20 1.16142e-21
24.42    7.57862    5.40255e-20  1.6291e-19 4.14805e-20 1.17838e-19 1.56886e-19 1.02072e-19 6.64097e-20 7.85651e-24 2.80756e-36  5.1656e-37 2.71867e-36 8.38432e-36 2.07752e-35 1.57779e-35 1.29415e-36 3.77671e-36 1.19783e-35 9.82169e-36   2.483e-36 4.73252e-36 1.38137e-35 9.65783e-36 2.62041e-36  5.9219e-36 1.39058e-35 7.84715e-36 2.09449e-36 8.53803e-36 1.36375e-35 3.27715e-36 4.13412e-36 1.37552e-35 1.54435e-35 1.06554e-35 9.62277e-36 2.90617e-25 1.59824e-21 2.09288e-19 7.13541e-20 7.11671e-20 6.99284e-22
33.5144    9.09435    5.95919e-20 1.81643e-19  3.9232e-20 1.18153e-19 2.42451e-19 9.27385e-20 1.88261e-19 8.94183e-24 2.48751e-36 1.90118e-36 4.17383e-36 1.09946e-35 5.04095e-36 8.28608e-36 2.49478e-36 3.57872e-36 5.27688e-36 3.07662e-36 3.63848e-36  1.9534e-36 7.94045e-36 1.04429e-35 2.43352e-36 4.15216e-36 4.13305e-36 6.76023e-36  5.3045e-37 2.43001e-36 4.43966e-36 7.15137e-36 5.90872e-36 9.06139e-36 8.16924e-36  5.9698e-36 1.44044e-35 4.00172e-25 2.15943e-21 2.97543e-19 3.48515e-20 4.67517e-20 9.30034e-22
44.4276    10.9132    4.13739e-20 6.21869e-20 5.04418e-20 2.12423e-19 2.27497e-19 2.71204e-19 3.71422e-20 3.34076e-24  9.4697e-36 3.55224e-37 7.61014e-36 9.56419e-36  1.0771e-35 3.19725e-36 8.34705e-36 4.71082e-36 2.21503e-36 7.20782e-36 2.38387e-37  1.8932e-36 5.03959e-36 6.70907e-36 6.58064e-37 1.13719e-36 5.12727e-36 6.06054e-37 3.44528e-36 4.80127e-36 6.09589e-36 1.32036e-35 2.94772e-36 1.11211e-35  1.8717e-35 1.93425e-35 1.92155e-35 6.34729e-25 2.30516e-21 3.79008e-19 1.89743e-19 1.59521e-19 6.82908e-22
57.5234    13.0959    3.66236e-20 1.64179e-19 8.45809e-20 2.22401e-19 3.38615e-19 2.68074e-19 3.18163e-19 4.46571e-24 1.42494e-35 4.06863e-36 3.75183e-36 1.02601e-35 2.51647e-35 8.59151e-36 1.40304e-35 3.21841e-36  2.9327e-36 4.22635e-36 6.46476e-37 8.40977e-37 5.20425e-36 1.29301e-37 3.17606e-36 5.30121e-36 6.13481e-36 1.40892e-35 3.30865e-36 7.97041e-36 1.01843e-35 7.30364e-36 6.15922e-36 2.58499e-35 3.02998e-35 1.82267e-35 3.94238e-35 6.90358e-25 1.85375e-21 4.12123e-19 1.71239e-19 1.84629e-19 1.78124e-21
57.5238    0.000311492    3.66262e-20 1.64077e-19 8.44405e-20  2.2196e-19 3.38138e-19 2.67829e-19 3.18029e-19 4.46647e-24 1.42533e-35  4.0698e-36 3.75416e-36 1.02789e-35 2.51992e-35 8.59709e-36   1.405e-35 3.21823e-36  2.9307e-36 4.22716e-36 6.46465e-37 8.40909e-37 5.20401e-36 1.29329e-37 3.17722e-36 5.29982e-36 6.13168e-36 1.40826e-35 3.30585e-36 7.97582e-36 1.02003e-35  7.3106e-36 6.16437e-36 2.57957e-35 3.02205e-35 1.81947e-35 3.93035e-35 6.88211e-25 1.85134e-21 4.12954e-19 1.71623e-19 1.84798e-19 1.78174e-21
57.5241    0.000311492    3.66702e-20 1.64348e-19 8.45993e-20 2.22489e-19 3.38325e-19 2.67189e-19 3.17511e-19 4.46393e-24 1.42478e-35 4.06847e-36 3.75289e-36 1.02546e-35 2.51786e-35  8.6082e-36 1.40489e-35 3.21515e-36 2.92758e-36 4.22722e-36 6.46474e-37 8.40721e-37 5.20176e-36 1.29587e-37 3.17747e-36 5.29884e-36 6.12776e-36 1.40794e-35 3.30604e-36 7.96633e-36 1.01855e-35 7.30849e-36 6.16215e-36 2.58285e-35 3.01792e-35 1.81452e-35 3.93089e-35 6.90339e-25 1.85495e-21 4.12502e-19 1.71582e-19 1.84712e-19 1.78087e-21
57.5244    0.00037379    3.66773e-20  1.6437e-19 8.46192e-20 2.22542e-19 3.38394e-19 2.67252e-19 3.17479e-19 4.46113e-24 1.42455e-35 4.06826e-36 3.75271e-36 1.02543e-35 2.51746e-35 8.60427e-36 1.40475e-35 3.21421e-36 2.92669e-36 4.22711e-36 6.45998e-37 8.41194e-37 5.20073e-36 1.30175e-37 3.17685e-36 5.29938e-36 6.12686e-36 1.40783e-35 3.30557e-36 7.96771e-36 1.01841e-35  7.3066e-36 6.16057e-36 2.58308e-35 3.01751e-35 1.81364e-35 3.93083e-35 6.90328e-25 1.85502e-21  4.1248e-19  1.7157e-19 1.84701e-19  1.7812e-21
4.5833    4.5833    0 0 0 0 0 0 0 0 0 0 0 0 0 0 0 0 0 0 0 0 0 0 0 0 0 0 0 0 0 0 0 0 0 0 0 0 0 0 0 0 0
9.1666    4.5833    1.01996e-20 9.59659e-21 1.16314e-20 1.14073e-20 3.11053e-20  4.9546e-20 7.55519e-20 2.52012e-24 1.32807e-36 3.38032e-36 3.90312e-36 2.45737e-35 2.04989e-35 5.23393e-36 6.49073e-36 2.84327e-35  1.7009e-35 1.19953e-35 9.62939e-36 3.12491e-35 1.85613e-35   1.503e-35  9.0247e-36  3.2815e-35 1.87743e-35 1.52914e-35 9.99026e-36   3.005e-35 2.13511e-35  1.1589e-35 8.90511e-36 3.28901e-35 1.70002e-35 1.57303e-35 1.83738e-35 5.33687e-25 5.43447e-21 4.64525e-20 1.28694e-19 7.82736e-20 7.69284e-22
14.6666    5.49996     3.8151e-20 4.56897e-20 3.07234e-20 6.35567e-20 1.28915e-19 1.22126e-19 7.23984e-20 3.24562e-24 3.48037e-36 1.79557e-36 3.53423e-36 3.46713e-36  4.8522e-36 2.51325e-36 2.11009e-36 1.21691e-35 7.35467e-36  8.9022e-36 4.88404e-36  1.6098e-35 9.12217e-36 1.15711e-35 5.76795e-36 1.49567e-35 1.06082e-35 8.37939e-36 6.67182e-36 1.35794e-35 1.00171e-35  6.7923e-36 6.42743e-36 2.01811e-35 9.58618e-36 2.26399e-35 7.36962e-36 3.73292e-25 2.20536e-21 3.64572e-19   9.016e-20 9.15782e-20 1.16194e-21
21.2665    6.59995    5.64303e-20 1.21102e-19 2.44969e-20 1.13773e-19  1.4542e-19  1.7131e-19  5.0531e-20  4.1235e-24 3.36599e-36 2.34674e-37 3.03529e-36  5.8367e-36 1.62589e-35 1.55028e-35 3.63335e-36 4.08382e-36 4.66705e-36 7.09621e-36 1.08581e-36 2.07484e-36 6.56441e-36 7.72505e-36  8.8053e-37 2.58877e-36 6.56274e-36 5.20652e-36 8.27251e-37 5.07202e-36  7.8573e-36 3.71202e-36 3.44488e-36 1.03447e-35 9.77615e-36  8.6194e-36 1.26707e-35 2.82617e-25 1.79449e-21  1.6007e-19 5.86681e-20 6.42824e-20 7.26379e-22
29.1864    7.91994     4.8056e-20 1.11151e-19   4.036e-20 6.29285e-20 2.35828e-19 8.45425e-20 1.40285e-19 1.40748e-23  2.0909e-36  1.4226e-36 4.69035e-36 1.75439e-35 1.73746e-35 4.44854e-36  3.2409e-36 1.06893e-35 1.86385e-35 1.09222e-35 3.31251e-36 3.34858e-36 1.74396e-35  1.7128e-35 1.56279e-36 2.85298e-36 1.50939e-35  1.3862e-35 1.13754e-36 1.73256e-36 8.54439e-36 1.50704e-35 4.54802e-36 7.48331e-36 1.74137e-35 6.64655e-36 1.64475e-35 3.59117e-25 2.18477e-21 2.98648e-19 3.80142e-20 3.69733e-20 9.12841e-22
38.6904    9.50393    6.54388e-20 2.63388e-19 4.50812e-20 1.04618e-19  1.7892e-19 1.69198e-19 2.33665e-19 1.63132e-23 4.83999e-36 6.10313e-36 3.59098e-36 1.59817e-35 1.40633e-35 4.94193e-36 2.66118e-36 8.09322e-36 1.18325e-36 8.26351e-36 5.21978e-37 5.77964e-36 4.41278e-36 2.26551e-36 1.56675e-36 2.68456e-36 4.69728e-36 2.98291e-36 3.45509e-36 6.30925e-36 8.09444e-36 8.85972e-36 1.42015e-36 1.15271e-35 2.45766e-35 2.54361e-35 2.16761e-35  7.0293e-25 3.36135e-21 3.68857e-19 1.69809e-19 1.47076e-19 7.38726e-22
50.0951    11.4047    1.99927e-19 1.97951e-19 5.86588e-20 3.63415e-19 3.61566e-19 4.24589e-19  9.3624e-20  1.9926e-23 1.04995e-35 1.07729e-35  3.3239e-36 1.27109e-36 4.27643e-36 4.83297e-36 2.21282e-36 1.67684e-36 1.65668e-36 2.59535e-36 4.32511e-36 1.94858e-36 5.94173e-36 4.73596e-36 4.02598e-36  4.2291e-36 7.42012e-36  1.3856e-35 1.99219e-36 4.69678e-36 1.38715e-35 6.90694e-36 6.15437e-36 2.98935e-35 3.46789e-35 1.92452e-35 4.30078e-35 7.24157e-25 1.80143e-21   4.156e-19 1.26475e-19 1.61538e-19 1.97543e-21
63.7807    13.6857    2.86486e-19 3.42992e-19 5.84591e-20 5.28895e-19 5.36977e-19 4.33626e-19  5.2211e-19 1.44568e-23 1.84583e-35 1.45047e-35 7.38606e-36 4.26937e-35 2.20005e-35 2.40786e-35 1.07817e-35 1.90248e-35 5.77541e-36 1.53734e-35 2.10206e-36  9.5805e-36 4.76463e-36 1.09659e-35 1.61084e-36 4.65124e-36 7.16905e-36 4.03519e-36 4.18918e-36  6.4766e-36 1.91054e-35 1.06756e-35 4.21433e-36 2.47612e-35 6.71467e-35 5.92933e-35 6.21501e-35 1.46768e-24 4.72426e-21 6.66381e-19 1.88241e-19 2.19408e-19 2.43287e-22
63.7808    0.0001    2.86349e-19 3.42101e-19 5.81338e-20 5.23896e-19  5.3332e-19 4.33154e-19 5.21943e-19 1.44649e-23 1.84812e-35 1.45226e-35 7.39023e-36 4.28039e-35 2.20007e-35 2.40351e-35 1.07931e-35 1.90386e-35 5.77429e-36 1.53706e-35 2.10264e-36 9.57713e-36 4.76676e-36 1.09739e-35 1.60983e-36 4.65492e-36  7.1767e-36 4.03705e-36 4.19367e-36 6.45341e-36 1.90117e-35  1.0657e-35 4.20592e-36 2.49313e-35 6.70043e-35 5.88611e-35 6.24823e-35 1.48668e-24 4.75345e-21 6.62715e-19 1.87711e-19 2.18925e-19 2.42733e-22
63.7809    0.0001     2.8672e-19 3.43037e-19 5.83876e-20  5.2925e-19 5.36633e-19  4.3174e-19 5.20873e-19 1.44514e-23 1.84639e-35 1.45091e-35 7.38341e-36 4.26891e-35 2.20098e-35  2.4089e-35 1.07875e-35 1.90179e-35 5.77125e-36 1.53745e-35  2.1024e-36 9.58027e-36 4.76225e-36 1.09591e-35 1.60976e-36 4.64944e-36 7.17254e-36 4.03936e-36 4.19332e-36 6.47602e-36 1.90808e-35 1.06619e-35 4.20934e-36 2.47942e-35 6.76593e-35 5.98062e-35 6.24867e-35 1.46834e-24  4.7178e-21 6.65439e-19 1.87888e-19 2.19365e-19 2.43311e-22
4.5833    4.5833    0 0 0 0 0 0 0 0 0 0 0 0 0 0 0 0 0 0 0 0 0 0 0 0 0 0 0 0 0 0 0 0 0 0 0 0 0 0 0 0 0
9.1666    4.5833    1.01996e-20 9.59659e-21 1.16314e-20 1.14073e-20 3.11053e-20  4.9546e-20 7.55519e-20 2.52012e-24 1.32807e-36 3.38032e-36 3.90312e-36 2.45737e-35 2.04989e-35 5.23393e-36 6.49073e-36 2.84327e-35  1.7009e-35 1.19953e-35 9.62939e-36 3.12491e-35 1.85613e-35   1.503e-35  9.0247e-36  3.2815e-35 1.87743e-35 1.52914e-35 9.99026e-36   3.005e-35 2.13511e-35  1.1589e-35 8.90511e-36 3.28901e-35 1.70002e-35 1.57303e-35 1.83738e-35 5.33687e-25 5.43447e-21 4.64525e-20 1.28694e-19 7.82736e-20 7.69284e-22
14.6666    5.49996     3.8151e-20 4.56897e-20 3.07234e-20 6.35567e-20 1.28915e-19 1.22126e-19 7.23984e-20 3.24562e-24 3.48037e-36 1.79557e-36 3.53423e-36 3.46713e-36  4.8522e-36 2.51325e-36 2.11009e-36 1.21691e-35 7.35467e-36  8.9022e-36 4.88404e-36  1.6098e-35 9.12217e-36 1.15711e-35 5.76795e-36 1.49567e-35 1.06082e-35 8.37939e-36 6.67182e-36 1.35794e-35 1.00171e-35  6.7923e-36 6.42743e-36 2.01811e-35 9.58618e-36 2.26399e-35 7.36962e-36 3.73292e-25 2.20536e-21 3.64572e-19   9.016e-20 9.15782e-20 1.16194e-21
21.2665    6.59995    5.64303e-20 1.21102e-19 2.44969e-20 1.13773e-19  1.4542e-19  1.7131e-19  5.0531e-20  4.1235e-24 3.36599e-36 2.34674e-37 3.03529e-36  5.8367e-36 1.62589e-35 1.55028e-35 3.63335e-36 4.08382e-36 4.66705e-36 7.09621e-36 1.08581e-36 2.07484e-36 6.56441e-36 7.72505e-36  8.8053e-37 2.58877e-36 6.56274e-36 5.20652e-36 8.27251e-37 5.07202e-36  7.8573e-36 3.71202e-36 3.44488e-36 1.03447e-35 9.77615e-36  8.6194e-36 1.26707e-35 2.82617e-25 1.79449e-21  1.6007e-19 5.86681e-20 6.42824e-20 7.26379e-22
29.1864    7.91994     4.8056e-20 1.11151e-19   4.036e-20 6.29285e-20 2.35828e-19 8.45425e-20 1.40285e-19 1.40748e-23  2.0909e-36  1.4226e-36 4.69035e-36 1.75439e-35 1.73746e-35 4.44854e-36  3.2409e-36 1.06893e-35 1.86385e-35 1.09222e-35 3.31251e-36 3.34858e-36 1.74396e-35  1.7128e-35 1.56279e-36 2.85298e-36 1.50939e-35  1.3862e-35 1.13754e-36 1.73256e-36 8.54439e-36 1.50704e-35 4.54802e-36 7.48331e-36 1.74137e-35 6.64655e-36 1.64475e-35 3.59117e-25 2.18477e-21 2.98648e-19 3.80142e-20 3.69733e-20 9.12841e-22
38.6904    9.50393    6.54388e-20 2.63388e-19 4.50812e-20 1.04618e-19  1.7892e-19 1.69198e-19 2.33665e-19 1.63132e-23 4.83999e-36 6.10313e-36 3.59098e-36 1.59817e-35 1.40633e-35 4.94193e-36 2.66118e-36 8.09322e-36 1.18325e-36 8.26351e-36 5.21978e-37 5.77964e-36 4.41278e-36 2.26551e-36 1.56675e-36 2.68456e-36 4.69728e-36 2.98291e-36 3.45509e-36 6.30925e-36 8.09444e-36 8.85972e-36 1.42015e-36 1.15271e-35 2.45766e-35 2.54361e-35 2.16761e-35  7.0293e-25 3.36135e-21 3.68857e-19 1.69809e-19 1.47076e-19 7.38726e-22
50.0951    11.4047    1.99927e-19 1.97951e-19 5.86588e-20 3.63415e-19 3.61566e-19 4.24589e-19  9.3624e-20  1.9926e-23 1.04995e-35 1.07729e-35  3.3239e-36 1.27109e-36 4.27643e-36 4.83297e-36 2.21282e-36 1.67684e-36 1.65668e-36 2.59535e-36 4.32511e-36 1.94858e-36 5.94173e-36 4.73596e-36 4.02598e-36  4.2291e-36 7.42012e-36  1.3856e-35 1.99219e-36 4.69678e-36 1.38715e-35 6.90694e-36 6.15437e-36 2.98935e-35 3.46789e-35 1.92452e-35 4.30078e-35 7.24157e-25 1.80143e-21   4.156e-19 1.26475e-19 1.61538e-19 1.97543e-21
63.7807    13.6857    2.86486e-19 3.42992e-19 5.84591e-20 5.28895e-19 5.36977e-19 4.33626e-19  5.2211e-19 1.44568e-23 1.84583e-35 1.45047e-35 7.38606e-36 4.26937e-35 2.20005e-35 2.40786e-35 1.07817e-35 1.90248e-35 5.77541e-36 1.53734e-35 2.10206e-36  9.5805e-36 4.76463e-36 1.09659e-35 1.61084e-36 4.65124e-36 7.16905e-36 4.03519e-36 4.18918e-36  6.4766e-36 1.91054e-35 1.06756e-35 4.21433e-36 2.47612e-35 6.71467e-35 5.92933e-35 6.21501e-35 1.46768e-24 4.72426e-21 6.66381e-19 1.88241e-19 2.19408e-19 2.43287e-22
63.7808    0.0001    2.86349e-19 3.42101e-19 5.81338e-20 5.23896e-19  5.3332e-19 4.33154e-19 5.21943e-19 1.44649e-23 1.84812e-35 1.45226e-35 7.39023e-36 4.28039e-35 2.20007e-35 2.40351e-35 1.07931e-35 1.90386e-35 5.77429e-36 1.53706e-35 2.10264e-36 9.57713e-36 4.76676e-36 1.09739e-35 1.60983e-36 4.65492e-36  7.1767e-36 4.03705e-36 4.19367e-36 6.45341e-36 1.90117e-35  1.0657e-35 4.20592e-36 2.49313e-35 6.70043e-35 5.88611e-35 6.24823e-35 1.48668e-24 4.75345e-21 6.62715e-19 1.87711e-19 2.18925e-19 2.42733e-22
63.7809    0.0001     2.8672e-19 3.43037e-19 5.83876e-20  5.2925e-19 5.36633e-19  4.3174e-19 5.20873e-19 1.44514e-23 1.84639e-35 1.45091e-35 7.38341e-36 4.26891e-35 2.20098e-35  2.4089e-35 1.07875e-35 1.90179e-35 5.77125e-36 1.53745e-35  2.1024e-36 9.58027e-36 4.76225e-36 1.09591e-35 1.60976e-36 4.64944e-36 7.17254e-36 4.03936e-36 4.19332e-36 6.47602e-36 1.90808e-35 1.06619e-35 4.20934e-36 2.47942e-35 6.76593e-35 5.98062e-35 6.24867e-35 1.46834e-24  4.7178e-21 6.65439e-19 1.87888e-19 2.19365e-19 2.43311e-22
4.5833    4.5833    0 0 0 0 0 0 0 0 0 0 0 0 0 0 0 0 0 0 0 0 0 0 0 0 0 0 0 0 0 0 0 0 0 0 0 0 0 0 0 0 0
9.1666    4.5833    1.01996e-20 9.59659e-21 1.16314e-20 1.14073e-20 3.11053e-20  4.9546e-20 7.55519e-20 2.52012e-24 1.32807e-36 3.38032e-36 3.90312e-36 2.45737e-35 2.04989e-35 5.23393e-36 6.49073e-36 2.84327e-35  1.7009e-35 1.19953e-35 9.62939e-36 3.12491e-35 1.85613e-35   1.503e-35  9.0247e-36  3.2815e-35 1.87743e-35 1.52914e-35 9.99026e-36   3.005e-35 2.13511e-35  1.1589e-35 8.90511e-36 3.28901e-35 1.70002e-35 1.57303e-35 1.83738e-35 5.33687e-25 5.43447e-21 4.64525e-20 1.28694e-19 7.82736e-20 7.69284e-22
14.6666    5.49996     3.8151e-20 4.56897e-20 3.07234e-20 6.35567e-20 1.28915e-19 1.22126e-19 7.23984e-20 3.24562e-24 3.48037e-36 1.79557e-36 3.53423e-36 3.46713e-36  4.8522e-36 2.51325e-36 2.11009e-36 1.21691e-35 7.35467e-36  8.9022e-36 4.88404e-36  1.6098e-35 9.12217e-36 1.15711e-35 5.76795e-36 1.49567e-35 1.06082e-35 8.37939e-36 6.67182e-36 1.35794e-35 1.00171e-35  6.7923e-36 6.42743e-36 2.01811e-35 9.58618e-36 2.26399e-35 7.36962e-36 3.73292e-25 2.20536e-21 3.64572e-19   9.016e-20 9.15782e-20 1.16194e-21
21.2665    6.59995    5.64303e-20 1.21102e-19 2.44969e-20 1.13773e-19  1.4542e-19  1.7131e-19  5.0531e-20  4.1235e-24 3.36599e-36 2.34674e-37 3.03529e-36  5.8367e-36 1.62589e-35 1.55028e-35 3.63335e-36 4.08382e-36 4.66705e-36 7.09621e-36 1.08581e-36 2.07484e-36 6.56441e-36 7.72505e-36  8.8053e-37 2.58877e-36 6.56274e-36 5.20652e-36 8.27251e-37 5.07202e-36  7.8573e-36 3.71202e-36 3.44488e-36 1.03447e-35 9.77615e-36  8.6194e-36 1.26707e-35 2.82617e-25 1.79449e-21  1.6007e-19 5.86681e-20 6.42824e-20 7.26379e-22
29.1864    7.91994     4.8056e-20 1.11151e-19   4.036e-20 6.29285e-20 2.35828e-19 8.45425e-20 1.40285e-19 1.40748e-23  2.0909e-36  1.4226e-36 4.69035e-36 1.75439e-35 1.73746e-35 4.44854e-36  3.2409e-36 1.06893e-35 1.86385e-35 1.09222e-35 3.31251e-36 3.34858e-36 1.74396e-35  1.7128e-35 1.56279e-36 2.85298e-36 1.50939e-35  1.3862e-35 1.13754e-36 1.73256e-36 8.54439e-36 1.50704e-35 4.54802e-36 7.48331e-36 1.74137e-35 6.64655e-36 1.64475e-35 3.59117e-25 2.18477e-21 2.98648e-19 3.80142e-20 3.69733e-20 9.12841e-22
38.6904    9.50393    6.54388e-20 2.63388e-19 4.50812e-20 1.04618e-19  1.7892e-19 1.69198e-19 2.33665e-19 1.63132e-23 4.83999e-36 6.10313e-36 3.59098e-36 1.59817e-35 1.40633e-35 4.94193e-36 2.66118e-36 8.09322e-36 1.18325e-36 8.26351e-36 5.21978e-37 5.77964e-36 4.41278e-36 2.26551e-36 1.56675e-36 2.68456e-36 4.69728e-36 2.98291e-36 3.45509e-36 6.30925e-36 8.09444e-36 8.85972e-36 1.42015e-36 1.15271e-35 2.45766e-35 2.54361e-35 2.16761e-35  7.0293e-25 3.36135e-21 3.68857e-19 1.69809e-19 1.47076e-19 7.38726e-22
50.0951    11.4047    1.99927e-19 1.97951e-19 5.86588e-20 3.63415e-19 3.61566e-19 4.24589e-19  9.3624e-20  1.9926e-23 1.04995e-35 1.07729e-35  3.3239e-36 1.27109e-36 4.27643e-36 4.83297e-36 2.21282e-36 1.67684e-36 1.65668e-36 2.59535e-36 4.32511e-36 1.94858e-36 5.94173e-36 4.73596e-36 4.02598e-36  4.2291e-36 7.42012e-36  1.3856e-35 1.99219e-36 4.69678e-36 1.38715e-35 6.90694e-36 6.15437e-36 2.98935e-35 3.46789e-35 1.92452e-35 4.30078e-35 7.24157e-25 1.80143e-21   4.156e-19 1.26475e-19 1.61538e-19 1.97543e-21
63.7807    13.6857    2.86486e-19 3.42992e-19 5.84591e-20 5.28895e-19 5.36977e-19 4.33626e-19  5.2211e-19 1.44568e-23 1.84583e-35 1.45047e-35 7.38606e-36 4.26937e-35 2.20005e-35 2.40786e-35 1.07817e-35 1.90248e-35 5.77541e-36 1.53734e-35 2.10206e-36  9.5805e-36 4.76463e-36 1.09659e-35 1.61084e-36 4.65124e-36 7.16905e-36 4.03519e-36 4.18918e-36  6.4766e-36 1.91054e-35 1.06756e-35 4.21433e-36 2.47612e-35 6.71467e-35 5.92933e-35 6.21501e-35 1.46768e-24 4.72426e-21 6.66381e-19 1.88241e-19 2.19408e-19 2.43287e-22
63.7808    0.0001    2.86349e-19 3.42101e-19 5.81338e-20 5.23896e-19  5.3332e-19 4.33154e-19 5.21943e-19 1.44649e-23 1.84812e-35 1.45226e-35 7.39023e-36 4.28039e-35 2.20007e-35 2.40351e-35 1.07931e-35 1.90386e-35 5.77429e-36 1.53706e-35 2.10264e-36 9.57713e-36 4.76676e-36 1.09739e-35 1.60983e-36 4.65492e-36  7.1767e-36 4.03705e-36 4.19367e-36 6.45341e-36 1.90117e-35  1.0657e-35 4.20592e-36 2.49313e-35 6.70043e-35 5.88611e-35 6.24823e-35 1.48668e-24 4.75345e-21 6.62715e-19 1.87711e-19 2.18925e-19 2.42733e-22
63.7809    0.0001     2.8672e-19 3.43037e-19 5.83876e-20  5.2925e-19 5.36633e-19  4.3174e-19 5.20873e-19 1.44514e-23 1.84639e-35 1.45091e-35 7.38341e-36 4.26891e-35 2.20098e-35  2.4089e-35 1.07875e-35 1.90179e-35 5.77125e-36 1.53745e-35  2.1024e-36 9.58027e-36 4.76225e-36 1.09591e-35 1.60976e-36 4.64944e-36 7.17254e-36 4.03936e-36 4.19332e-36 6.47602e-36 1.90808e-35 1.06619e-35 4.20934e-36 2.47942e-35 6.76593e-35 5.98062e-35 6.24867e-35 1.46834e-24  4.7178e-21 6.65439e-19 1.87888e-19 2.19365e-19 2.43311e-22
4.5833    4.5833    0 0 0 0 0 0 0 0 0 0 0 0 0 0 0 0 0 0 0 0 0 0 0 0 0 0 0 0 0 0 0 0 0 0 0 0 0 0 0 0 0
9.1666    4.5833    1.01996e-20 9.59659e-21 1.16314e-20 1.14073e-20 3.11053e-20  4.9546e-20 7.55519e-20 2.52012e-24 1.32807e-36 3.38032e-36 3.90312e-36 2.45737e-35 2.04989e-35 5.23393e-36 6.49073e-36 2.84327e-35  1.7009e-35 1.19953e-35 9.62939e-36 3.12491e-35 1.85613e-35   1.503e-35  9.0247e-36  3.2815e-35 1.87743e-35 1.52914e-35 9.99026e-36   3.005e-35 2.13511e-35  1.1589e-35 8.90511e-36 3.28901e-35 1.70002e-35 1.57303e-35 1.83738e-35 5.33687e-25 5.43447e-21 4.64525e-20 1.28694e-19 7.82736e-20 7.69284e-22
14.6666    5.49996     3.8151e-20 4.56897e-20 3.07234e-20 6.35567e-20 1.28915e-19 1.22126e-19 7.23984e-20 3.24562e-24 3.48037e-36 1.79557e-36 3.53423e-36 3.46713e-36  4.8522e-36 2.51325e-36 2.11009e-36 1.21691e-35 7.35467e-36  8.9022e-36 4.88404e-36  1.6098e-35 9.12217e-36 1.15711e-35 5.76795e-36 1.49567e-35 1.06082e-35 8.37939e-36 6.67182e-36 1.35794e-35 1.00171e-35  6.7923e-36 6.42743e-36 2.01811e-35 9.58618e-36 2.26399e-35 7.36962e-36 3.73292e-25 2.20536e-21 3.64572e-19   9.016e-20 9.15782e-20 1.16194e-21
21.2665    6.59995    5.64303e-20 1.21102e-19 2.44969e-20 1.13773e-19  1.4542e-19  1.7131e-19  5.0531e-20  4.1235e-24 3.36599e-36 2.34674e-37 3.03529e-36  5.8367e-36 1.62589e-35 1.55028e-35 3.63335e-36 4.08382e-36 4.66705e-36 7.09621e-36 1.08581e-36 2.07484e-36 6.56441e-36 7.72505e-36  8.8053e-37 2.58877e-36 6.56274e-36 5.20652e-36 8.27251e-37 5.07202e-36  7.8573e-36 3.71202e-36 3.44488e-36 1.03447e-35 9.77615e-36  8.6194e-36 1.26707e-35 2.82617e-25 1.79449e-21  1.6007e-19 5.86681e-20 6.42824e-20 7.26379e-22
29.1864    7.91994     4.8056e-20 1.11151e-19   4.036e-20 6.29285e-20 2.35828e-19 8.45425e-20 1.40285e-19 1.40748e-23  2.0909e-36  1.4226e-36 4.69035e-36 1.75439e-35 1.73746e-35 4.44854e-36  3.2409e-36 1.06893e-35 1.86385e-35 1.09222e-35 3.31251e-36 3.34858e-36 1.74396e-35  1.7128e-35 1.56279e-36 2.85298e-36 1.50939e-35  1.3862e-35 1.13754e-36 1.73256e-36 8.54439e-36 1.50704e-35 4.54802e-36 7.48331e-36 1.74137e-35 6.64655e-36 1.64475e-35 3.59117e-25 2.18477e-21 2.98648e-19 3.80142e-20 3.69733e-20 9.12841e-22
38.6904    9.50393    6.54388e-20 2.63388e-19 4.50812e-20 1.04618e-19  1.7892e-19 1.69198e-19 2.33665e-19 1.63132e-23 4.83999e-36 6.10313e-36 3.59098e-36 1.59817e-35 1.40633e-35 4.94193e-36 2.66118e-36 8.09322e-36 1.18325e-36 8.26351e-36 5.21978e-37 5.77964e-36 4.41278e-36 2.26551e-36 1.56675e-36 2.68456e-36 4.69728e-36 2.98291e-36 3.45509e-36 6.30925e-36 8.09444e-36 8.85972e-36 1.42015e-36 1.15271e-35 2.45766e-35 2.54361e-35 2.16761e-35  7.0293e-25 3.36135e-21 3.68857e-19 1.69809e-19 1.47076e-19 7.38726e-22
50.0951    11.4047    1.99927e-19 1.97951e-19 5.86588e-20 3.63415e-19 3.61566e-19 4.24589e-19  9.3624e-20  1.9926e-23 1.04995e-35 1.07729e-35  3.3239e-36 1.27109e-36 4.27643e-36 4.83297e-36 2.21282e-36 1.67684e-36 1.65668e-36 2.59535e-36 4.32511e-36 1.94858e-36 5.94173e-36 4.73596e-36 4.02598e-36  4.2291e-36 7.42012e-36  1.3856e-35 1.99219e-36 4.69678e-36 1.38715e-35 6.90694e-36 6.15437e-36 2.98935e-35 3.46789e-35 1.92452e-35 4.30078e-35 7.24157e-25 1.80143e-21   4.156e-19 1.26475e-19 1.61538e-19 1.97543e-21
63.7807    13.6857    2.86486e-19 3.42992e-19 5.84591e-20 5.28895e-19 5.36977e-19 4.33626e-19  5.2211e-19 1.44568e-23 1.84583e-35 1.45047e-35 7.38606e-36 4.26937e-35 2.20005e-35 2.40786e-35 1.07817e-35 1.90248e-35 5.77541e-36 1.53734e-35 2.10206e-36  9.5805e-36 4.76463e-36 1.09659e-35 1.61084e-36 4.65124e-36 7.16905e-36 4.03519e-36 4.18918e-36  6.4766e-36 1.91054e-35 1.06756e-35 4.21433e-36 2.47612e-35 6.71467e-35 5.92933e-35 6.21501e-35 1.46768e-24 4.72426e-21 6.66381e-19 1.88241e-19 2.19408e-19 2.43287e-22
63.7808    0.0001    2.86349e-19 3.42101e-19 5.81338e-20 5.23896e-19  5.3332e-19 4.33154e-19 5.21943e-19 1.44649e-23 1.84812e-35 1.45226e-35 7.39023e-36 4.28039e-35 2.20007e-35 2.40351e-35 1.07931e-35 1.90386e-35 5.77429e-36 1.53706e-35 2.10264e-36 9.57713e-36 4.76676e-36 1.09739e-35 1.60983e-36 4.65492e-36  7.1767e-36 4.03705e-36 4.19367e-36 6.45341e-36 1.90117e-35  1.0657e-35 4.20592e-36 2.49313e-35 6.70043e-35 5.88611e-35 6.24823e-35 1.48668e-24 4.75345e-21 6.62715e-19 1.87711e-19 2.18925e-19 2.42733e-22
63.7809    0.0001     2.8672e-19 3.43037e-19 5.83876e-20  5.2925e-19 5.36633e-19  4.3174e-19 5.20873e-19 1.44514e-23 1.84639e-35 1.45091e-35 7.38341e-36 4.26891e-35 2.20098e-35  2.4089e-35 1.07875e-35 1.90179e-35 5.77125e-36 1.53745e-35  2.1024e-36 9.58027e-36 4.76225e-36 1.09591e-35 1.60976e-36 4.64944e-36 7.17254e-36 4.03936e-36 4.19332e-36 6.47602e-36 1.90808e-35 1.06619e-35 4.20934e-36 2.47942e-35 6.76593e-35 5.98062e-35 6.24867e-35 1.46834e-24  4.7178e-21 6.65439e-19 1.87888e-19 2.19365e-19 2.43311e-22
4.5833    4.5833    0 0 0 0 0 0 0 0 0 0 0 0 0 0 0 0 0 0 0 0 0 0 0 0 0 0 0 0 0 0 0 0 0 0 0 0 0 0 0 0 0
9.1666    4.5833    1.01996e-20 9.59659e-21 1.16314e-20 1.14073e-20 3.11053e-20  4.9546e-20 7.55519e-20 2.52012e-24 1.32807e-36 3.38032e-36 3.90312e-36 2.45737e-35 2.04989e-35 5.23393e-36 6.49073e-36 2.84327e-35  1.7009e-35 1.19953e-35 9.62939e-36 3.12491e-35 1.85613e-35   1.503e-35  9.0247e-36  3.2815e-35 1.87743e-35 1.52914e-35 9.99026e-36   3.005e-35 2.13511e-35  1.1589e-35 8.90511e-36 3.28901e-35 1.70002e-35 1.57303e-35 1.83738e-35 5.33687e-25 5.43447e-21 4.64525e-20 1.28694e-19 7.82736e-20 7.69284e-22
14.6666    5.49996     3.8151e-20 4.56897e-20 3.07234e-20 6.35567e-20 1.28915e-19 1.22126e-19 7.23984e-20 3.24562e-24 3.48037e-36 1.79557e-36 3.53423e-36 3.46713e-36  4.8522e-36 2.51325e-36 2.11009e-36 1.21691e-35 7.35467e-36  8.9022e-36 4.88404e-36  1.6098e-35 9.12217e-36 1.15711e-35 5.76795e-36 1.49567e-35 1.06082e-35 8.37939e-36 6.67182e-36 1.35794e-35 1.00171e-35  6.7923e-36 6.42743e-36 2.01811e-35 9.58618e-36 2.26399e-35 7.36962e-36 3.73292e-25 2.20536e-21 3.64572e-19   9.016e-20 9.15782e-20 1.16194e-21
21.2665    6.59995    5.64303e-20 1.21102e-19 2.44969e-20 1.13773e-19  1.4542e-19  1.7131e-19  5.0531e-20  4.1235e-24 3.36599e-36 2.34674e-37 3.03529e-36  5.8367e-36 1.62589e-35 1.55028e-35 3.63335e-36 4.08382e-36 4.66705e-36 7.09621e-36 1.08581e-36 2.07484e-36 6.56441e-36 7.72505e-36  8.8053e-37 2.58877e-36 6.56274e-36 5.20652e-36 8.27251e-37 5.07202e-36  7.8573e-36 3.71202e-36 3.44488e-36 1.03447e-35 9.77615e-36  8.6194e-36 1.26707e-35 2.82617e-25 1.79449e-21  1.6007e-19 5.86681e-20 6.42824e-20 7.26379e-22
29.1864    7.91994     4.8056e-20 1.11151e-19   4.036e-20 6.29285e-20 2.35828e-19 8.45425e-20 1.40285e-19 1.40748e-23  2.0909e-36  1.4226e-36 4.69035e-36 1.75439e-35 1.73746e-35 4.44854e-36  3.2409e-36 1.06893e-35 1.86385e-35 1.09222e-35 3.31251e-36 3.34858e-36 1.74396e-35  1.7128e-35 1.56279e-36 2.85298e-36 1.50939e-35  1.3862e-35 1.13754e-36 1.73256e-36 8.54439e-36 1.50704e-35 4.54802e-36 7.48331e-36 1.74137e-35 6.64655e-36 1.64475e-35 3.59117e-25 2.18477e-21 2.98648e-19 3.80142e-20 3.69733e-20 9.12841e-22
38.6904    9.50393    6.54388e-20 2.63388e-19 4.50812e-20 1.04618e-19  1.7892e-19 1.69198e-19 2.33665e-19 1.63132e-23 4.83999e-36 6.10313e-36 3.59098e-36 1.59817e-35 1.40633e-35 4.94193e-36 2.66118e-36 8.09322e-36 1.18325e-36 8.26351e-36 5.21978e-37 5.77964e-36 4.41278e-36 2.26551e-36 1.56675e-36 2.68456e-36 4.69728e-36 2.98291e-36 3.45509e-36 6.30925e-36 8.09444e-36 8.85972e-36 1.42015e-36 1.15271e-35 2.45766e-35 2.54361e-35 2.16761e-35  7.0293e-25 3.36135e-21 3.68857e-19 1.69809e-19 1.47076e-19 7.38726e-22
50.0951    11.4047    1.99927e-19 1.97951e-19 5.86588e-20 3.63415e-19 3.61566e-19 4.24589e-19  9.3624e-20  1.9926e-23 1.04995e-35 1.07729e-35  3.3239e-36 1.27109e-36 4.27643e-36 4.83297e-36 2.21282e-36 1.67684e-36 1.65668e-36 2.59535e-36 4.32511e-36 1.94858e-36 5.94173e-36 4.73596e-36 4.02598e-36  4.2291e-36 7.42012e-36  1.3856e-35 1.99219e-36 4.69678e-36 1.38715e-35 6.90694e-36 6.15437e-36 2.98935e-35 3.46789e-35 1.92452e-35 4.30078e-35 7.24157e-25 1.80143e-21   4.156e-19 1.26475e-19 1.61538e-19 1.97543e-21
63.7807    13.6857    2.86486e-19 3.42992e-19 5.84591e-20 5.28895e-19 5.36977e-19 4.33626e-19  5.2211e-19 1.44568e-23 1.84583e-35 1.45047e-35 7.38606e-36 4.26937e-35 2.20005e-35 2.40786e-35 1.07817e-35 1.90248e-35 5.77541e-36 1.53734e-35 2.10206e-36  9.5805e-36 4.76463e-36 1.09659e-35 1.61084e-36 4.65124e-36 7.16905e-36 4.03519e-36 4.18918e-36  6.4766e-36 1.91054e-35 1.06756e-35 4.21433e-36 2.47612e-35 6.71467e-35 5.92933e-35 6.21501e-35 1.46768e-24 4.72426e-21 6.66381e-19 1.88241e-19 2.19408e-19 2.43287e-22
63.7808    0.0001    2.86349e-19 3.42101e-19 5.81338e-20 5.23896e-19  5.3332e-19 4.33154e-19 5.21943e-19 1.44649e-23 1.84812e-35 1.45226e-35 7.39023e-36 4.28039e-35 2.20007e-35 2.40351e-35 1.07931e-35 1.90386e-35 5.77429e-36 1.53706e-35 2.10264e-36 9.57713e-36 4.76676e-36 1.09739e-35 1.60983e-36 4.65492e-36  7.1767e-36 4.03705e-36 4.19367e-36 6.45341e-36 1.90117e-35  1.0657e-35 4.20592e-36 2.49313e-35 6.70043e-35 5.88611e-35 6.24823e-35 1.48668e-24 4.75345e-21 6.62715e-19 1.87711e-19 2.18925e-19 2.42733e-22
63.7809    0.0001     2.8672e-19 3.43037e-19 5.83876e-20  5.2925e-19 5.36633e-19  4.3174e-19 5.20873e-19 1.44514e-23 1.84639e-35 1.45091e-35 7.38341e-36 4.26891e-35 2.20098e-35  2.4089e-35 1.07875e-35 1.90179e-35 5.77125e-36 1.53745e-35  2.1024e-36 9.58027e-36 4.76225e-36 1.09591e-35 1.60976e-36 4.64944e-36 7.17254e-36 4.03936e-36 4.19332e-36 6.47602e-36 1.90808e-35 1.06619e-35 4.20934e-36 2.47942e-35 6.76593e-35 5.98062e-35 6.24867e-35 1.46834e-24  4.7178e-21 6.65439e-19 1.87888e-19 2.19365e-19 2.43311e-22
4.5833    4.5833    0 0 0 0 0 0 0 0 0 0 0 0 0 0 0 0 0 0 0 0 0 0 0 0 0 0 0 0 0 0 0 0 0 0 0 0 0 0 0 0 0
9.1666    4.5833    1.01996e-20 9.59659e-21 1.16314e-20 1.14073e-20 3.11053e-20  4.9546e-20 7.55519e-20 2.52012e-24 1.32807e-36 3.38032e-36 3.90312e-36 2.45737e-35 2.04989e-35 5.23393e-36 6.49073e-36 2.84327e-35  1.7009e-35 1.19953e-35 9.62939e-36 3.12491e-35 1.85613e-35   1.503e-35  9.0247e-36  3.2815e-35 1.87743e-35 1.52914e-35 9.99026e-36   3.005e-35 2.13511e-35  1.1589e-35 8.90511e-36 3.28901e-35 1.70002e-35 1.57303e-35 1.83738e-35 5.33687e-25 5.43447e-21 4.64525e-20 1.28694e-19 7.82736e-20 7.69284e-22
14.6666    5.49996     3.8151e-20 4.56897e-20 3.07234e-20 6.35567e-20 1.28915e-19 1.22126e-19 7.23984e-20 3.24562e-24 3.48037e-36 1.79557e-36 3.53423e-36 3.46713e-36  4.8522e-36 2.51325e-36 2.11009e-36 1.21691e-35 7.35467e-36  8.9022e-36 4.88404e-36  1.6098e-35 9.12217e-36 1.15711e-35 5.76795e-36 1.49567e-35 1.06082e-35 8.37939e-36 6.67182e-36 1.35794e-35 1.00171e-35  6.7923e-36 6.42743e-36 2.01811e-35 9.58618e-36 2.26399e-35 7.36962e-36 3.73292e-25 2.20536e-21 3.64572e-19   9.016e-20 9.15782e-20 1.16194e-21
21.2665    6.59995    5.64303e-20 1.21102e-19 2.44969e-20 1.13773e-19  1.4542e-19  1.7131e-19  5.0531e-20  4.1235e-24 3.36599e-36 2.34674e-37 3.03529e-36  5.8367e-36 1.62589e-35 1.55028e-35 3.63335e-36 4.08382e-36 4.66705e-36 7.09621e-36 1.08581e-36 2.07484e-36 6.56441e-36 7.72505e-36  8.8053e-37 2.58877e-36 6.56274e-36 5.20652e-36 8.27251e-37 5.07202e-36  7.8573e-36 3.71202e-36 3.44488e-36 1.03447e-35 9.77615e-36  8.6194e-36 1.26707e-35 2.82617e-25 1.79449e-21  1.6007e-19 5.86681e-20 6.42824e-20 7.26379e-22
29.1864    7.91994     4.8056e-20 1.11151e-19   4.036e-20 6.29285e-20 2.35828e-19 8.45425e-20 1.40285e-19 1.40748e-23  2.0909e-36  1.4226e-36 4.69035e-36 1.75439e-35 1.73746e-35 4.44854e-36  3.2409e-36 1.06893e-35 1.86385e-35 1.09222e-35 3.31251e-36 3.34858e-36 1.74396e-35  1.7128e-35 1.56279e-36 2.85298e-36 1.50939e-35  1.3862e-35 1.13754e-36 1.73256e-36 8.54439e-36 1.50704e-35 4.54802e-36 7.48331e-36 1.74137e-35 6.64655e-36 1.64475e-35 3.59117e-25 2.18477e-21 2.98648e-19 3.80142e-20 3.69733e-20 9.12841e-22
38.6904    9.50393    6.54388e-20 2.63388e-19 4.50812e-20 1.04618e-19  1.7892e-19 1.69198e-19 2.33665e-19 1.63132e-23 4.83999e-36 6.10313e-36 3.59098e-36 1.59817e-35 1.40633e-35 4.94193e-36 2.66118e-36 8.09322e-36 1.18325e-36 8.26351e-36 5.21978e-37 5.77964e-36 4.41278e-36 2.26551e-36 1.56675e-36 2.68456e-36 4.69728e-36 2.98291e-36 3.45509e-36 6.30925e-36 8.09444e-36 8.85972e-36 1.42015e-36 1.15271e-35 2.45766e-35 2.54361e-35 2.16761e-35  7.0293e-25 3.36135e-21 3.68857e-19 1.69809e-19 1.47076e-19 7.38726e-22
50.0951    11.4047    1.99927e-19 1.97951e-19 5.86588e-20 3.63415e-19 3.61566e-19 4.24589e-19  9.3624e-20  1.9926e-23 1.04995e-35 1.07729e-35  3.3239e-36 1.27109e-36 4.27643e-36 4.83297e-36 2.21282e-36 1.67684e-36 1.65668e-36 2.59535e-36 4.32511e-36 1.94858e-36 5.94173e-36 4.73596e-36 4.02598e-36  4.2291e-36 7.42012e-36  1.3856e-35 1.99219e-36 4.69678e-36 1.38715e-35 6.90694e-36 6.15437e-36 2.98935e-35 3.46789e-35 1.92452e-35 4.30078e-35 7.24157e-25 1.80143e-21   4.156e-19 1.26475e-19 1.61538e-19 1.97543e-21
63.7807    13.6857    2.86486e-19 3.42992e-19 5.84591e-20 5.28895e-19 5.36977e-19 4.33626e-19  5.2211e-19 1.44568e-23 1.84583e-35 1.45047e-35 7.38606e-36 4.26937e-35 2.20005e-35 2.40786e-35 1.07817e-35 1.90248e-35 5.77541e-36 1.53734e-35 2.10206e-36  9.5805e-36 4.76463e-36 1.09659e-35 1.61084e-36 4.65124e-36 7.16905e-36 4.03519e-36 4.18918e-36  6.4766e-36 1.91054e-35 1.06756e-35 4.21433e-36 2.47612e-35 6.71467e-35 5.92933e-35 6.21501e-35 1.46768e-24 4.72426e-21 6.66381e-19 1.88241e-19 2.19408e-19 2.43287e-22
63.7808    0.0001    2.86349e-19 3.42101e-19 5.81338e-20 5.23896e-19  5.3332e-19 4.33154e-19 5.21943e-19 1.44649e-23 1.84812e-35 1.45226e-35 7.39023e-36 4.28039e-35 2.20007e-35 2.40351e-35 1.07931e-35 1.90386e-35 5.77429e-36 1.53706e-35 2.10264e-36 9.57713e-36 4.76676e-36 1.09739e-35 1.60983e-36 4.65492e-36  7.1767e-36 4.03705e-36 4.19367e-36 6.45341e-36 1.90117e-35  1.0657e-35 4.20592e-36 2.49313e-35 6.70043e-35 5.88611e-35 6.24823e-35 1.48668e-24 4.75345e-21 6.62715e-19 1.87711e-19 2.18925e-19 2.42733e-22
63.7809    0.0001     2.8672e-19 3.43037e-19 5.83876e-20  5.2925e-19 5.36633e-19  4.3174e-19 5.20873e-19 1.44514e-23 1.84639e-35 1.45091e-35 7.38341e-36 4.26891e-35 2.20098e-35  2.4089e-35 1.07875e-35 1.90179e-35 5.77125e-36 1.53745e-35  2.1024e-36 9.58027e-36 4.76225e-36 1.09591e-35 1.60976e-36 4.64944e-36 7.17254e-36 4.03936e-36 4.19332e-36 6.47602e-36 1.90808e-35 1.06619e-35 4.20934e-36 2.47942e-35 6.76593e-35 5.98062e-35 6.24867e-35 1.46834e-24  4.7178e-21 6.65439e-19 1.87888e-19 2.19365e-19 2.43311e-22
4.5833    4.5833    0 0 0 0 0 0 0 0 0 0 0 0 0 0 0 0 0 0 0 0 0 0 0 0 0 0 0 0 0 0 0 0 0 0 0 0 0 0 0 0 0
9.1666    4.5833    1.01996e-20 9.59659e-21 1.16314e-20 1.14073e-20 3.11053e-20  4.9546e-20 7.55519e-20 2.52012e-24 1.32807e-36 3.38032e-36 3.90312e-36 2.45737e-35 2.04989e-35 5.23393e-36 6.49073e-36 2.84327e-35  1.7009e-35 1.19953e-35 9.62939e-36 3.12491e-35 1.85613e-35   1.503e-35  9.0247e-36  3.2815e-35 1.87743e-35 1.52914e-35 9.99026e-36   3.005e-35 2.13511e-35  1.1589e-35 8.90511e-36 3.28901e-35 1.70002e-35 1.57303e-35 1.83738e-35 5.33687e-25 5.43447e-21 4.64525e-20 1.28694e-19 7.82736e-20 7.69284e-22
14.6666    5.49996     3.8151e-20 4.56897e-20 3.07234e-20 6.35567e-20 1.28915e-19 1.22126e-19 7.23984e-20 3.24562e-24 3.48037e-36 1.79557e-36 3.53423e-36 3.46713e-36  4.8522e-36 2.51325e-36 2.11009e-36 1.21691e-35 7.35467e-36  8.9022e-36 4.88404e-36  1.6098e-35 9.12217e-36 1.15711e-35 5.76795e-36 1.49567e-35 1.06082e-35 8.37939e-36 6.67182e-36 1.35794e-35 1.00171e-35  6.7923e-36 6.42743e-36 2.01811e-35 9.58618e-36 2.26399e-35 7.36962e-36 3.73292e-25 2.20536e-21 3.64572e-19   9.016e-20 9.15782e-20 1.16194e-21
21.2665    6.59995    5.64303e-20 1.21102e-19 2.44969e-20 1.13773e-19  1.4542e-19  1.7131e-19  5.0531e-20  4.1235e-24 3.36599e-36 2.34674e-37 3.03529e-36  5.8367e-36 1.62589e-35 1.55028e-35 3.63335e-36 4.08382e-36 4.66705e-36 7.09621e-36 1.08581e-36 2.07484e-36 6.56441e-36 7.72505e-36  8.8053e-37 2.58877e-36 6.56274e-36 5.20652e-36 8.27251e-37 5.07202e-36  7.8573e-36 3.71202e-36 3.44488e-36 1.03447e-35 9.77615e-36  8.6194e-36 1.26707e-35 2.82617e-25 1.79449e-21  1.6007e-19 5.86681e-20 6.42824e-20 7.26379e-22
29.1864    7.91994     4.8056e-20 1.11151e-19   4.036e-20 6.29285e-20 2.35828e-19 8.45425e-20 1.40285e-19 1.40748e-23  2.0909e-36  1.4226e-36 4.69035e-36 1.75439e-35 1.73746e-35 4.44854e-36  3.2409e-36 1.06893e-35 1.86385e-35 1.09222e-35 3.31251e-36 3.34858e-36 1.74396e-35  1.7128e-35 1.56279e-36 2.85298e-36 1.50939e-35  1.3862e-35 1.13754e-36 1.73256e-36 8.54439e-36 1.50704e-35 4.54802e-36 7.48331e-36 1.74137e-35 6.64655e-36 1.64475e-35 3.59117e-25 2.18477e-21 2.98648e-19 3.80142e-20 3.69733e-20 9.12841e-22
38.6904    9.50393    6.54388e-20 2.63388e-19 4.50812e-20 1.04618e-19  1.7892e-19 1.69198e-19 2.33665e-19 1.63132e-23 4.83999e-36 6.10313e-36 3.59098e-36 1.59817e-35 1.40633e-35 4.94193e-36 2.66118e-36 8.09322e-36 1.18325e-36 8.26351e-36 5.21978e-37 5.77964e-36 4.41278e-36 2.26551e-36 1.56675e-36 2.68456e-36 4.69728e-36 2.98291e-36 3.45509e-36 6.30925e-36 8.09444e-36 8.85972e-36 1.42015e-36 1.15271e-35 2.45766e-35 2.54361e-35 2.16761e-35  7.0293e-25 3.36135e-21 3.68857e-19 1.69809e-19 1.47076e-19 7.38726e-22
50.0951    11.4047    1.99927e-19 1.97951e-19 5.86588e-20 3.63415e-19 3.61566e-19 4.24589e-19  9.3624e-20  1.9926e-23 1.04995e-35 1.07729e-35  3.3239e-36 1.27109e-36 4.27643e-36 4.83297e-36 2.21282e-36 1.67684e-36 1.65668e-36 2.59535e-36 4.32511e-36 1.94858e-36 5.94173e-36 4.73596e-36 4.02598e-36  4.2291e-36 7.42012e-36  1.3856e-35 1.99219e-36 4.69678e-36 1.38715e-35 6.90694e-36 6.15437e-36 2.98935e-35 3.46789e-35 1.92452e-35 4.30078e-35 7.24157e-25 1.80143e-21   4.156e-19 1.26475e-19 1.61538e-19 1.97543e-21
63.7807    13.6857    2.86486e-19 3.42992e-19 5.84591e-20 5.28895e-19 5.36977e-19 4.33626e-19  5.2211e-19 1.44568e-23 1.84583e-35 1.45047e-35 7.38606e-36 4.26937e-35 2.20005e-35 2.40786e-35 1.07817e-35 1.90248e-35 5.77541e-36 1.53734e-35 2.10206e-36  9.5805e-36 4.76463e-36 1.09659e-35 1.61084e-36 4.65124e-36 7.16905e-36 4.03519e-36 4.18918e-36  6.4766e-36 1.91054e-35 1.06756e-35 4.21433e-36 2.47612e-35 6.71467e-35 5.92933e-35 6.21501e-35 1.46768e-24 4.72426e-21 6.66381e-19 1.88241e-19 2.19408e-19 2.43287e-22
63.7808    0.0001    2.86349e-19 3.42101e-19 5.81338e-20 5.23896e-19  5.3332e-19 4.33154e-19 5.21943e-19 1.44649e-23 1.84812e-35 1.45226e-35 7.39023e-36 4.28039e-35 2.20007e-35 2.40351e-35 1.07931e-35 1.90386e-35 5.77429e-36 1.53706e-35 2.10264e-36 9.57713e-36 4.76676e-36 1.09739e-35 1.60983e-36 4.65492e-36  7.1767e-36 4.03705e-36 4.19367e-36 6.45341e-36 1.90117e-35  1.0657e-35 4.20592e-36 2.49313e-35 6.70043e-35 5.88611e-35 6.24823e-35 1.48668e-24 4.75345e-21 6.62715e-19 1.87711e-19 2.18925e-19 2.42733e-22
63.7809    0.0001     2.8672e-19 3.43037e-19 5.83876e-20  5.2925e-19 5.36633e-19  4.3174e-19 5.20873e-19 1.44514e-23 1.84639e-35 1.45091e-35 7.38341e-36 4.26891e-35 2.20098e-35  2.4089e-35 1.07875e-35 1.90179e-35 5.77125e-36 1.53745e-35  2.1024e-36 9.58027e-36 4.76225e-36 1.09591e-35 1.60976e-36 4.64944e-36 7.17254e-36 4.03936e-36 4.19332e-36 6.47602e-36 1.90808e-35 1.06619e-35 4.20934e-36 2.47942e-35 6.76593e-35 5.98062e-35 6.24867e-35 1.46834e-24  4.7178e-21 6.65439e-19 1.87888e-19 2.19365e-19 2.43311e-22
4.5833    4.5833    0 0 0 0 0 0 0 0 0 0 0 0 0 0 0 0 0 0 0 0 0 0 0 0 0 0 0 0 0 0 0 0 0 0 0 0 0 0 0 0 0
9.1666    4.5833    1.01996e-20 9.59659e-21 1.16314e-20 1.14073e-20 3.11053e-20  4.9546e-20 7.55519e-20 2.52012e-24 1.32807e-36 3.38032e-36 3.90312e-36 2.45737e-35 2.04989e-35 5.23393e-36 6.49073e-36 2.84327e-35  1.7009e-35 1.19953e-35 9.62939e-36 3.12491e-35 1.85613e-35   1.503e-35  9.0247e-36  3.2815e-35 1.87743e-35 1.52914e-35 9.99026e-36   3.005e-35 2.13511e-35  1.1589e-35 8.90511e-36 3.28901e-35 1.70002e-35 1.57303e-35 1.83738e-35 5.33687e-25 5.43447e-21 4.64525e-20 1.28694e-19 7.82736e-20 7.69284e-22
14.6666    5.49996     3.8151e-20 4.56897e-20 3.07234e-20 6.35567e-20 1.28915e-19 1.22126e-19 7.23984e-20 3.24562e-24 3.48037e-36 1.79557e-36 3.53423e-36 3.46713e-36  4.8522e-36 2.51325e-36 2.11009e-36 1.21691e-35 7.35467e-36  8.9022e-36 4.88404e-36  1.6098e-35 9.12217e-36 1.15711e-35 5.76795e-36 1.49567e-35 1.06082e-35 8.37939e-36 6.67182e-36 1.35794e-35 1.00171e-35  6.7923e-36 6.42743e-36 2.01811e-35 9.58618e-36 2.26399e-35 7.36962e-36 3.73292e-25 2.20536e-21 3.64572e-19   9.016e-20 9.15782e-20 1.16194e-21
21.2665    6.59995    5.64303e-20 1.21102e-19 2.44969e-20 1.13773e-19  1.4542e-19  1.7131e-19  5.0531e-20  4.1235e-24 3.36599e-36 2.34674e-37 3.03529e-36  5.8367e-36 1.62589e-35 1.55028e-35 3.63335e-36 4.08382e-36 4.66705e-36 7.09621e-36 1.08581e-36 2.07484e-36 6.56441e-36 7.72505e-36  8.8053e-37 2.58877e-36 6.56274e-36 5.20652e-36 8.27251e-37 5.07202e-36  7.8573e-36 3.71202e-36 3.44488e-36 1.03447e-35 9.77615e-36  8.6194e-36 1.26707e-35 2.82617e-25 1.79449e-21  1.6007e-19 5.86681e-20 6.42824e-20 7.26379e-22
29.1864    7.91994     4.8056e-20 1.11151e-19   4.036e-20 6.29285e-20 2.35828e-19 8.45425e-20 1.40285e-19 1.40748e-23  2.0909e-36  1.4226e-36 4.69035e-36 1.75439e-35 1.73746e-35 4.44854e-36  3.2409e-36 1.06893e-35 1.86385e-35 1.09222e-35 3.31251e-36 3.34858e-36 1.74396e-35  1.7128e-35 1.56279e-36 2.85298e-36 1.50939e-35  1.3862e-35 1.13754e-36 1.73256e-36 8.54439e-36 1.50704e-35 4.54802e-36 7.48331e-36 1.74137e-35 6.64655e-36 1.64475e-35 3.59117e-25 2.18477e-21 2.98648e-19 3.80142e-20 3.69733e-20 9.12841e-22
38.6904    9.50393    6.54388e-20 2.63388e-19 4.50812e-20 1.04618e-19  1.7892e-19 1.69198e-19 2.33665e-19 1.63132e-23 4.83999e-36 6.10313e-36 3.59098e-36 1.59817e-35 1.40633e-35 4.94193e-36 2.66118e-36 8.09322e-36 1.18325e-36 8.26351e-36 5.21978e-37 5.77964e-36 4.41278e-36 2.26551e-36 1.56675e-36 2.68456e-36 4.69728e-36 2.98291e-36 3.45509e-36 6.30925e-36 8.09444e-36 8.85972e-36 1.42015e-36 1.15271e-35 2.45766e-35 2.54361e-35 2.16761e-35  7.0293e-25 3.36135e-21 3.68857e-19 1.69809e-19 1.47076e-19 7.38726e-22
50.0951    11.4047    1.99927e-19 1.97951e-19 5.86588e-20 3.63415e-19 3.61566e-19 4.24589e-19  9.3624e-20  1.9926e-23 1.04995e-35 1.07729e-35  3.3239e-36 1.27109e-36 4.27643e-36 4.83297e-36 2.21282e-36 1.67684e-36 1.65668e-36 2.59535e-36 4.32511e-36 1.94858e-36 5.94173e-36 4.73596e-36 4.02598e-36  4.2291e-36 7.42012e-36  1.3856e-35 1.99219e-36 4.69678e-36 1.38715e-35 6.90694e-36 6.15437e-36 2.98935e-35 3.46789e-35 1.92452e-35 4.30078e-35 7.24157e-25 1.80143e-21   4.156e-19 1.26475e-19 1.61538e-19 1.97543e-21
63.7807    13.6857    2.86486e-19 3.42992e-19 5.84591e-20 5.28895e-19 5.36977e-19 4.33626e-19  5.2211e-19 1.44568e-23 1.84583e-35 1.45047e-35 7.38606e-36 4.26937e-35 2.20005e-35 2.40786e-35 1.07817e-35 1.90248e-35 5.77541e-36 1.53734e-35 2.10206e-36  9.5805e-36 4.76463e-36 1.09659e-35 1.61084e-36 4.65124e-36 7.16905e-36 4.03519e-36 4.18918e-36  6.4766e-36 1.91054e-35 1.06756e-35 4.21433e-36 2.47612e-35 6.71467e-35 5.92933e-35 6.21501e-35 1.46768e-24 4.72426e-21 6.66381e-19 1.88241e-19 2.19408e-19 2.43287e-22
63.7808    0.0001    2.86349e-19 3.42101e-19 5.81338e-20 5.23896e-19  5.3332e-19 4.33154e-19 5.21943e-19 1.44649e-23 1.84812e-35 1.45226e-35 7.39023e-36 4.28039e-35 2.20007e-35 2.40351e-35 1.07931e-35 1.90386e-35 5.77429e-36 1.53706e-35 2.10264e-36 9.57713e-36 4.76676e-36 1.09739e-35 1.60983e-36 4.65492e-36  7.1767e-36 4.03705e-36 4.19367e-36 6.45341e-36 1.90117e-35  1.0657e-35 4.20592e-36 2.49313e-35 6.70043e-35 5.88611e-35 6.24823e-35 1.48668e-24 4.75345e-21 6.62715e-19 1.87711e-19 2.18925e-19 2.42733e-22
63.7809    0.0001     2.8672e-19 3.43037e-19 5.83876e-20  5.2925e-19 5.36633e-19  4.3174e-19 5.20873e-19 1.44514e-23 1.84639e-35 1.45091e-35 7.38341e-36 4.26891e-35 2.20098e-35  2.4089e-35 1.07875e-35 1.90179e-35 5.77125e-36 1.53745e-35  2.1024e-36 9.58027e-36 4.76225e-36 1.09591e-35 1.60976e-36 4.64944e-36 7.17254e-36 4.03936e-36 4.19332e-36 6.47602e-36 1.90808e-35 1.06619e-35 4.20934e-36 2.47942e-35 6.76593e-35 5.98062e-35 6.24867e-35 1.46834e-24  4.7178e-21 6.65439e-19 1.87888e-19 2.19365e-19 2.43311e-22
4.5833    4.5833    0 0 0 0 0 0 0 0 0 0 0 0 0 0 0 0 0 0 0 0 0 0 0 0 0 0 0 0 0 0 0 0 0 0 0 0 0 0 0 0 0
9.1666    4.5833    1.01996e-20 9.59659e-21 1.16314e-20 1.14073e-20 3.11053e-20  4.9546e-20 7.55519e-20 2.52012e-24 1.32807e-36 3.38032e-36 3.90312e-36 2.45737e-35 2.04989e-35 5.23393e-36 6.49073e-36 2.84327e-35  1.7009e-35 1.19953e-35 9.62939e-36 3.12491e-35 1.85613e-35   1.503e-35  9.0247e-36  3.2815e-35 1.87743e-35 1.52914e-35 9.99026e-36   3.005e-35 2.13511e-35  1.1589e-35 8.90511e-36 3.28901e-35 1.70002e-35 1.57303e-35 1.83738e-35 5.33687e-25 5.43447e-21 4.64525e-20 1.28694e-19 7.82736e-20 7.69284e-22
14.6666    5.49996     3.8151e-20 4.56897e-20 3.07234e-20 6.35567e-20 1.28915e-19 1.22126e-19 7.23984e-20 3.24562e-24 3.48037e-36 1.79557e-36 3.53423e-36 3.46713e-36  4.8522e-36 2.51325e-36 2.11009e-36 1.21691e-35 7.35467e-36  8.9022e-36 4.88404e-36  1.6098e-35 9.12217e-36 1.15711e-35 5.76795e-36 1.49567e-35 1.06082e-35 8.37939e-36 6.67182e-36 1.35794e-35 1.00171e-35  6.7923e-36 6.42743e-36 2.01811e-35 9.58618e-36 2.26399e-35 7.36962e-36 3.73292e-25 2.20536e-21 3.64572e-19   9.016e-20 9.15782e-20 1.16194e-21
21.2665    6.59995    5.64303e-20 1.21102e-19 2.44969e-20 1.13773e-19  1.4542e-19  1.7131e-19  5.0531e-20  4.1235e-24 3.36599e-36 2.34674e-37 3.03529e-36  5.8367e-36 1.62589e-35 1.55028e-35 3.63335e-36 4.08382e-36 4.66705e-36 7.09621e-36 1.08581e-36 2.07484e-36 6.56441e-36 7.72505e-36  8.8053e-37 2.58877e-36 6.56274e-36 5.20652e-36 8.27251e-37 5.07202e-36  7.8573e-36 3.71202e-36 3.44488e-36 1.03447e-35 9.77615e-36  8.6194e-36 1.26707e-35 2.82617e-25 1.79449e-21  1.6007e-19 5.86681e-20 6.42824e-20 7.26379e-22
29.1864    7.91994     4.8056e-20 1.11151e-19   4.036e-20 6.29285e-20 2.35828e-19 8.45425e-20 1.40285e-19 1.40748e-23  2.0909e-36  1.4226e-36 4.69035e-36 1.75439e-35 1.73746e-35 4.44854e-36  3.2409e-36 1.06893e-35 1.86385e-35 1.09222e-35 3.31251e-36 3.34858e-36 1.74396e-35  1.7128e-35 1.56279e-36 2.85298e-36 1.50939e-35  1.3862e-35 1.13754e-36 1.73256e-36 8.54439e-36 1.50704e-35 4.54802e-36 7.48331e-36 1.74137e-35 6.64655e-36 1.64475e-35 3.59117e-25 2.18477e-21 2.98648e-19 3.80142e-20 3.69733e-20 9.12841e-22
38.6904    9.50393    6.54388e-20 2.63388e-19 4.50812e-20 1.04618e-19  1.7892e-19 1.69198e-19 2.33665e-19 1.63132e-23 4.83999e-36 6.10313e-36 3.59098e-36 1.59817e-35 1.40633e-35 4.94193e-36 2.66118e-36 8.09322e-36 1.18325e-36 8.26351e-36 5.21978e-37 5.77964e-36 4.41278e-36 2.26551e-36 1.56675e-36 2.68456e-36 4.69728e-36 2.98291e-36 3.45509e-36 6.30925e-36 8.09444e-36 8.85972e-36 1.42015e-36 1.15271e-35 2.45766e-35 2.54361e-35 2.16761e-35  7.0293e-25 3.36135e-21 3.68857e-19 1.69809e-19 1.47076e-19 7.38726e-22
50.0951    11.4047    1.99927e-19 1.97951e-19 5.86588e-20 3.63415e-19 3.61566e-19 4.24589e-19  9.3624e-20  1.9926e-23 1.04995e-35 1.07729e-35  3.3239e-36 1.27109e-36 4.27643e-36 4.83297e-36 2.21282e-36 1.67684e-36 1.65668e-36 2.59535e-36 4.32511e-36 1.94858e-36 5.94173e-36 4.73596e-36 4.02598e-36  4.2291e-36 7.42012e-36  1.3856e-35 1.99219e-36 4.69678e-36 1.38715e-35 6.90694e-36 6.15437e-36 2.98935e-35 3.46789e-35 1.92452e-35 4.30078e-35 7.24157e-25 1.80143e-21   4.156e-19 1.26475e-19 1.61538e-19 1.97543e-21
63.7807    13.6857    2.86486e-19 3.42992e-19 5.84591e-20 5.28895e-19 5.36977e-19 4.33626e-19  5.2211e-19 1.44568e-23 1.84583e-35 1.45047e-35 7.38606e-36 4.26937e-35 2.20005e-35 2.40786e-35 1.07817e-35 1.90248e-35 5.77541e-36 1.53734e-35 2.10206e-36  9.5805e-36 4.76463e-36 1.09659e-35 1.61084e-36 4.65124e-36 7.16905e-36 4.03519e-36 4.18918e-36  6.4766e-36 1.91054e-35 1.06756e-35 4.21433e-36 2.47612e-35 6.71467e-35 5.92933e-35 6.21501e-35 1.46768e-24 4.72426e-21 6.66381e-19 1.88241e-19 2.19408e-19 2.43287e-22
63.7808    0.0001    2.86349e-19 3.42101e-19 5.81338e-20 5.23896e-19  5.3332e-19 4.33154e-19 5.21943e-19 1.44649e-23 1.84812e-35 1.45226e-35 7.39023e-36 4.28039e-35 2.20007e-35 2.40351e-35 1.07931e-35 1.90386e-35 5.77429e-36 1.53706e-35 2.10264e-36 9.57713e-36 4.76676e-36 1.09739e-35 1.60983e-36 4.65492e-36  7.1767e-36 4.03705e-36 4.19367e-36 6.45341e-36 1.90117e-35  1.0657e-35 4.20592e-36 2.49313e-35 6.70043e-35 5.88611e-35 6.24823e-35 1.48668e-24 4.75345e-21 6.62715e-19 1.87711e-19 2.18925e-19 2.42733e-22
63.7809    0.0001     2.8672e-19 3.43037e-19 5.83876e-20  5.2925e-19 5.36633e-19  4.3174e-19 5.20873e-19 1.44514e-23 1.84639e-35 1.45091e-35 7.38341e-36 4.26891e-35 2.20098e-35  2.4089e-35 1.07875e-35 1.90179e-35 5.77125e-36 1.53745e-35  2.1024e-36 9.58027e-36 4.76225e-36 1.09591e-35 1.60976e-36 4.64944e-36 7.17254e-36 4.03936e-36 4.19332e-36 6.47602e-36 1.90808e-35 1.06619e-35 4.20934e-36 2.47942e-35 6.76593e-35 5.98062e-35 6.24867e-35 1.46834e-24  4.7178e-21 6.65439e-19 1.87888e-19 2.19365e-19 2.43311e-22
9.89202    9.89202    0 0 0 0 0 0 0 0 0 0 0 0 0 0 0 0 0 0 0 0 0 0 0 0 0 0 0 0 0 0 0 0 0 0 0 0 0 0 0 0 0
19.784    9.89202     6.3351e-20 1.59142e-19 3.39197e-20   1.201e-20 8.67094e-20 1.85224e-20  5.9697e-20 1.73458e-24 7.38475e-39 7.74144e-39 1.05656e-36  1.3343e-35 7.39711e-36 6.09962e-36 1.07291e-36 3.79421e-37 5.67949e-37 7.65502e-37 9.24661e-37 1.28408e-36 1.72406e-36   6.492e-37 1.27738e-36 1.68529e-36 2.86963e-36 1.31998e-36 1.48949e-36 1.10881e-36  3.7222e-36 2.78585e-36 7.31712e-37 1.16904e-36 4.40125e-36 4.89408e-36 5.41803e-37 8.51088e-26 7.44478e-22 1.14567e-20 5.93167e-22 3.66674e-22 4.37949e-22
31.6545    11.8704    2.28199e-20 3.71491e-20  2.2058e-20 1.34414e-20 9.54856e-20 4.65368e-20 4.19507e-20 1.22603e-24 1.61888e-38 4.23122e-39 1.44168e-36 1.84167e-35 9.38654e-36 9.17145e-36 1.42109e-36 9.49022e-37 1.05859e-36 1.75864e-36 1.21944e-36 1.09244e-36 2.16097e-36 1.27669e-36 1.70314e-36 1.41159e-36 3.10575e-36 2.20015e-36 2.09809e-36 1.51659e-36 3.97421e-36 3.92397e-36 1.32946e-36 2.55414e-36 4.25189e-36   6.193e-36 6.83581e-37 1.28247e-25  1.1032e-21 1.51552e-20 2.13019e-22 1.01467e-22  3.4755e-22
45.899    14.2445    2.00479e-20 4.07046e-20 1.90129e-20 1.56662e-20 1.13061e-19 7.56494e-20 3.00793e-20  7.7878e-25 1.20386e-38 3.40132e-39  1.6198e-36 2.31567e-35 1.21715e-35 1.10746e-35 1.60469e-36 1.72992e-36 1.17237e-36 2.49803e-36 1.42434e-36 9.78952e-37 2.55953e-36 1.90957e-36  1.9527e-36 1.44365e-36 3.30705e-36 3.02887e-36 2.52614e-36 2.08355e-36 4.40861e-36 4.90435e-36 1.87473e-36 3.51448e-36  4.4767e-36 7.20706e-36 8.16967e-37  1.5604e-25 1.33753e-21 1.76288e-20 1.13598e-22 4.47791e-23 2.88635e-22
45.8991    0.000143871    2.00487e-20 4.07065e-20 1.90138e-20 1.56665e-20 1.13066e-19 7.56498e-20 3.00781e-20 7.78773e-25 1.20383e-38 3.40083e-39 1.61978e-36  2.3156e-35  1.2172e-35 1.10752e-35 1.60467e-36 1.72987e-36 1.17237e-36 2.49806e-36 1.42431e-36 9.78971e-37 2.55965e-36 1.90959e-36 1.95267e-36  1.4437e-36 3.30728e-36 3.02891e-36 2.52608e-36  2.0837e-36 4.40909e-36 4.90442e-36 1.87468e-36 3.51479e-36 4.47732e-36 7.20731e-36 8.16965e-37 1.56037e-25 1.33751e-21 1.76289e-20 1.13605e-22 4.47789e-23 2.88634e-22
45.8993    0.000143871    2.00482e-20 4.07052e-20  1.9013e-20 1.56662e-20 1.13061e-19 7.56492e-20 3.00791e-20 7.78776e-25 1.20382e-38 3.40047e-39 1.61979e-36  2.3157e-35 1.21717e-35 1.10746e-35 1.60469e-36 1.72992e-36 1.17238e-36 2.49803e-36 1.42434e-36 9.78955e-37 2.55955e-36 1.90957e-36  1.9527e-36 1.44366e-36 3.30708e-36 3.02887e-36 2.52613e-36 2.08357e-36 4.40866e-36 4.90434e-36 1.87473e-36 3.51451e-36 4.47674e-36 7.20704e-36 8.16965e-37 1.56041e-25 1.33753e-21 1.76288e-20 1.13615e-22 4.47785e-23 2.88633e-22
45.8994    0.000172646    2.00482e-20 4.07052e-20 1.90129e-20 1.56662e-20 1.13061e-19 7.56493e-20 3.00791e-20 7.78777e-25  1.2038e-38 3.40015e-39  1.6198e-36  2.3157e-35 1.21717e-35 1.10746e-35 1.60469e-36 1.72992e-36 1.17238e-36 2.49804e-36 1.42434e-36 9.78954e-37 2.55955e-36 1.90958e-36 1.95269e-36 1.44366e-36 3.30708e-36 3.02887e-36 2.52613e-36 2.08357e-36 4.40866e-36 4.90435e-36 1.87472e-36 3.51451e-36 4.47674e-36 7.20704e-36 8.16964e-37 1.56041e-25 1.33753e-21 1.76288e-20 1.13626e-22 4.47774e-23 2.88632e-22
45.8997    0.000207175    2.00481e-20 4.07052e-20 1.90129e-20 1.56662e-20 1.13062e-19 7.56493e-20  3.0079e-20 7.78777e-25 1.20379e-38 3.39995e-39  1.6198e-36  2.3157e-35 1.21717e-35 1.10746e-35 1.60469e-36 1.72992e-36 1.17238e-36 2.49804e-36 1.42433e-36 9.78953e-37 2.55956e-36 1.90959e-36 1.95269e-36 1.44366e-36 3.30709e-36 3.02888e-36 2.52612e-36 2.08357e-36 4.40866e-36 4.90435e-36 1.87472e-36 3.51452e-36 4.47674e-36 7.20705e-36 8.16962e-37 1.56041e-25 1.33753e-21 1.76289e-20 1.13642e-22 4.47752e-23  2.8863e-22
45.8999    0.00024861    2.00481e-20 4.07053e-20 1.90128e-20 1.56661e-20 1.13062e-19 7.56494e-20 3.00789e-20 7.78779e-25 1.20377e-38 3.39996e-39 1.61981e-36 2.31571e-35 1.21718e-35 1.10746e-35 1.60469e-36 1.72993e-36 1.17239e-36 2.49805e-36 1.42433e-36 9.78951e-37 2.55957e-36  1.9096e-36 1.95269e-36 1.44365e-36 3.30709e-36 3.02889e-36 2.52612e-36 2.08357e-36 4.40867e-36 4.90436e-36 1.87472e-36 3.51452e-36 4.47674e-36 7.20705e-36  8.1696e-37 1.56041e-25 1.33753e-21 1.76289e-20 1.13662e-22 4.47714e-23 2.88628e-22
45.9002    0.000298332     2.0048e-20 4.07053e-20 1.90127e-20  1.5666e-20 1.13062e-19 7.56495e-20 3.00786e-20 7.78781e-25 1.20376e-38 3.40035e-39 1.61982e-36 2.31571e-35 1.21718e-35 1.10746e-35 1.60469e-36 1.72993e-36  1.1724e-36 2.49807e-36 1.42432e-36 9.78947e-37 2.55958e-36 1.90962e-36 1.95268e-36 1.44365e-36  3.3071e-36 3.02891e-36 2.52611e-36 2.08357e-36 4.40867e-36 4.90438e-36 1.87471e-36 3.51453e-36 4.47673e-36 7.20706e-36 8.16956e-37 1.56041e-25 1.33753e-21  1.7629e-20 1.13689e-22 4.47653e-23 2.88625e-22
9.89202    9.89202    0 0 0 0 0 0 0 0 0 0 0 0 0 0 0 0 0 0 0 0 0 0 0 0 0 0 0 0 0 0 0 0 0 0 0 0 0 0 0 0 0
19.784    9.89202    1.05517e-19 2.17016e-19 1.12335e-19 1.14949e-19  2.2292e-19 7.46583e-20 6.90663e-20 6.93854e-24 1.11336e-38 2.43135e-38 1.76923e-37 1.44384e-35 8.84126e-36 9.64867e-36  4.1597e-36 8.39916e-37 1.70603e-36 1.80585e-36 2.31285e-36 1.69527e-36 4.52311e-36 2.08191e-36 3.10552e-36   2.577e-36 6.94906e-36 2.90948e-36  3.9934e-36 3.38959e-36 8.27004e-36 3.42106e-36 2.77575e-36 3.88201e-36 7.17682e-36  9.3381e-36 2.63044e-36 1.03947e-25 9.77883e-22 4.56488e-20 1.63589e-21  1.4667e-21 6.64764e-22
31.6545    11.8704    4.42838e-20 6.45108e-20  6.0294e-20 8.34819e-20 1.66205e-19 8.12826e-20 5.70509e-20 4.88106e-24 1.62468e-38  1.6897e-38 3.04951e-37 1.99103e-35 1.13456e-35 1.39497e-35  5.7426e-36 1.55056e-36 2.48582e-36 3.41146e-36 3.31039e-36 2.12755e-36 5.81223e-36 2.90268e-36 4.45626e-36 3.43032e-36 8.76344e-36 4.16761e-36 5.89573e-36 4.93111e-36 1.08318e-35 5.21457e-36 4.85868e-36 5.35636e-36 8.19343e-36  9.3864e-36  3.3721e-36 1.54901e-25 1.41267e-21   6.041e-20 8.05331e-22 4.05866e-22  6.9526e-22
45.899    14.2445    3.55407e-20 6.14225e-20 4.82153e-20 8.98093e-20 1.87137e-19 1.02221e-19 5.75139e-20 3.09876e-24 1.21112e-38 1.35595e-38  8.5711e-37 2.51721e-35 1.42952e-35 1.62912e-35 6.72808e-36 2.37284e-36  2.8339e-36 4.57078e-36 4.03367e-36 2.55986e-36 6.79003e-36 3.65347e-36 5.35887e-36 4.29395e-36 9.81919e-36 4.93103e-36 7.28276e-36 6.18859e-36 1.26851e-35 6.41064e-36 6.63007e-36 6.88038e-36 9.79109e-36 9.57235e-36 4.02977e-36 1.88481e-25 1.69661e-21  7.0427e-20 4.11219e-22 1.79116e-22 5.67148e-22
45.9142    0.0152574    3.04953e-20 5.31108e-20 4.49582e-20 8.98887e-20 1.88226e-19 1.02569e-19 5.74706e-20 3.10869e-24 4.10295e-37 3.95078e-37 8.79852e-37 2.52246e-35 1.40483e-35 1.65498e-35 6.56173e-36 2.45118e-36 2.88635e-36 4.87634e-36 4.05608e-36 2.59238e-36 6.94592e-36 3.74491e-36 5.29479e-36 4.32439e-36 9.72074e-36 4.87477e-36 7.24479e-36 6.20453e-36 1.26436e-35  6.3565e-36 6.58955e-36 7.19139e-36 9.57548e-36 1.01026e-35 3.76457e-36 1.93896e-25 1.63903e-21 6.81118e-20 6.98831e-21 2.87738e-21 3.26312e-21
45.9295    0.0152574    2.85929e-20 6.70706e-20 3.27043e-20 9.03655e-20 1.87998e-19 1.02274e-19 5.71356e-20 3.10264e-24 7.73454e-37 7.54292e-37 8.93247e-37 2.51148e-35 1.41313e-35  1.6083e-35 6.67866e-36 2.35393e-36 2.94033e-36 4.59604e-36 4.27729e-36 2.50008e-36 7.22759e-36 3.73041e-36 5.41138e-36   4.287e-36 9.77619e-36 4.83346e-36 7.32862e-36 6.19249e-36 1.27427e-35 6.33584e-36 6.72171e-36 7.41499e-36 9.48071e-36 1.02996e-35 3.89748e-36 2.01058e-25 1.53279e-21 6.70721e-20  1.4371e-20 4.71963e-21 5.01888e-21
45.9478    0.0183089      2.562e-20 6.59096e-20 2.93066e-20 1.09314e-19 1.88085e-19 1.29385e-19 4.13292e-20 3.01463e-24 1.26185e-36 1.15469e-36 7.80912e-37 2.49409e-35 1.23359e-35 1.24089e-35 3.47586e-36 4.69454e-36 5.84735e-36 1.11235e-35 3.92778e-36 2.01889e-36 7.09824e-36 3.65214e-36 9.09768e-36 4.92034e-36 1.37921e-35 6.81717e-36 6.67915e-36 5.76537e-36 1.31956e-35 6.93721e-36 2.35969e-36 1.04084e-35 6.07679e-36 1.92782e-35 3.88275e-36 2.02688e-25  1.5502e-21 6.54684e-20 1.93167e-20 4.86211e-21 4.97635e-21
45.9698    0.0219706    2.56277e-20 7.19579e-20 2.88373e-20 7.00245e-20 1.60329e-19 9.07483e-20 7.90874e-20 2.99222e-24 1.21179e-36 1.23509e-36  8.7779e-37 2.60281e-35 2.37579e-35  8.9726e-36 7.39539e-36 6.88433e-36 5.63632e-36 1.24806e-35   1.185e-35 3.13644e-35 7.53261e-35 5.93052e-35 3.35569e-35 4.59499e-36 1.76378e-35 1.25288e-35 7.66611e-36 4.57811e-35  1.1831e-34 9.03911e-35 3.95339e-35 9.89165e-36 8.32461e-36 1.76245e-35 1.02036e-35 2.02011e-25 1.53233e-21 6.31715e-20 2.96965e-20 4.59221e-21 3.40868e-21
45.9792    0.0094327    1.14292e-18 1.12649e-18 5.04907e-19 7.20368e-20 1.88107e-19 9.28152e-20 9.88676e-20 4.60337e-24 1.27242e-36 1.71097e-36 1.22902e-36 3.69941e-35 5.01388e-35  5.5545e-35 2.43349e-36 7.26217e-36 1.03941e-35 1.33142e-35 9.68095e-36  3.1165e-35 7.80244e-35 6.18657e-35 3.28992e-35 4.60939e-36 1.53402e-35 1.34568e-35 4.31633e-36 4.64521e-35 1.21478e-34  9.3993e-35 3.97198e-35 8.88401e-36 1.06508e-35 1.68552e-35 4.64619e-36 2.01564e-25 1.61751e-21 6.19806e-20 3.51949e-20 2.12357e-21 9.88388e-22
45.9886    0.0094327    3.12705e-19 3.69396e-19 1.83143e-19 6.29021e-20   1.712e-19 8.08955e-20 9.39501e-20 6.52574e-24 1.18588e-36 1.89548e-36 1.31899e-36 4.85603e-35 5.71557e-35 9.60399e-35 2.36154e-36 6.44613e-36 9.89392e-36 1.21921e-35 1.04833e-35 3.24443e-35 8.13317e-35 6.41705e-35 3.03514e-35 4.92466e-36 1.53825e-35 1.40663e-35 5.35964e-36 4.89479e-35 1.27639e-34 9.78708e-35 3.67397e-35  9.3443e-36 8.43172e-36 1.59854e-35 6.70114e-36 2.05837e-25 1.59311e-21  6.2021e-20 3.51816e-20 2.59894e-21 1.23512e-21
67.3808    67.3808    0 0 0 0 0 0 0 0 0 0 0 0 0 0 0 0 0 0 0 0 0
134.762    67.3808    7.98533e-19 1.15596e-17 4.89222e-18 2.00057e-18 2.57375e-34 2.30905e-34 2.24738e-34 9.15643e-35 5.72348e-34 5.42562e-34 1.88502e-34 4.85564e-35 5.47331e-34 6.47354e-34 2.04182e-34  5.9381e-35 1.58039e-35 4.14057e-37 1.13766e-22 1.10998e-20 3.15316e-21
215.618    80.8569     9.9389e-19 1.21039e-17 5.11736e-18 1.99914e-18 2.21809e-34 2.13348e-34  1.7581e-34 5.08671e-35 5.83774e-34 6.47045e-34 2.15518e-34 4.02677e-35  9.8443e-34 1.37552e-33 2.44914e-34  3.1342e-35 3.31448e-35 5.18633e-37 9.63453e-23 9.61053e-21 2.80229e-21
312.647    97.0283    1.09545e-18 1.24147e-17 5.27734e-18 2.06147e-18 2.04348e-34 2.08756e-34 1.56217e-34 3.09693e-35 5.79286e-34 7.13327e-34 2.48193e-34 5.23772e-35 1.53458e-33 2.49922e-33 2.96233e-34 5.55269e-35 4.76337e-35 5.04849e-37 9.41905e-23 9.31062e-21 2.77078e-21
317.695    5.0488    1.14589e-18 1.25781e-17 5.37316e-18 2.11834e-18 1.96807e-34 2.09532e-34 1.47876e-34 2.24016e-35 5.71676e-34 7.48102e-34 2.78101e-34  6.4337e-35 2.20164e-33  4.0266e-33 3.72369e-34 9.94866e-35 6.28822e-35 4.46894e-37 8.01825e-23 8.03644e-21 2.46174e-21
322.744    5.0488    1.17679e-18 1.26834e-17   5.438e-18 2.16341e-18 1.93689e-34 2.12322e-34 1.44372e-34 2.05333e-35 5.64615e-34 7.67593e-34 3.02231e-34 7.49874e-35  2.9219e-33 5.85617e-33 4.59275e-34 1.50419e-34 7.65952e-35 3.91691e-37 6.99224e-23 7.15314e-21 2.28076e-21
328.803    6.05856    1.19733e-18 1.27522e-17 5.48231e-18 2.19632e-18 1.92248e-34 2.15047e-34 1.42735e-34 2.15422e-35 5.58067e-34 7.77072e-34 3.21915e-34 8.40193e-35 3.67624e-33 7.91361e-33 5.53115e-34 2.06327e-34 8.94928e-35 3.46634e-37 6.10679e-23   6.408e-21 2.15474e-21
336.073    7.27027    1.21166e-18 1.28001e-17 5.51353e-18 2.22089e-18 1.91911e-34 2.17876e-34 1.42139e-34 2.33024e-35 5.51899e-34 7.80672e-34 3.37722e-34 9.15945e-35 4.43671e-33 1.01134e-32 6.50496e-34 2.67218e-34  1.0151e-34 3.12047e-37 5.44721e-23 5.86234e-21 2.08296e-21
344.797    8.72432    1.22231e-18  1.2838e-17 5.53737e-18 2.23911e-18 1.91855e-34 2.20173e-34 1.41833e-34 2.49532e-35 5.46066e-34 7.80455e-34 3.50568e-34 9.78815e-35 5.19273e-33  1.2404e-32 7.49589e-34 3.32412e-34 1.12882e-34 2.86082e-37 4.94352e-23 5.45133e-21 2.04208e-21
355.267    10.4692    1.23025e-18 1.28676e-17 5.55556e-18 2.25276e-18 1.91923e-34 2.22017e-34  1.4167e-34 2.63294e-35 5.40606e-34 7.77976e-34 3.61108e-34 1.03144e-34 5.93705e-33 1.47468e-32 8.49426e-34 4.01702e-34 1.23724e-34 2.66883e-37 4.56885e-23  5.1517e-21 2.02041e-21
2.30482    2.30482    0 0 0 0 0 0 0 0 0 0 0 0 0 0 0 0 0 0 0 0 0 0 0 0 0 0 0 0 0 0 0 0 0 0 0 0 0 0 0 0 0 0 0 0 0 0 0 0 0 0 0 0 0 0 0 0 0 0 0 0 0 0 0 0 0 0 0 0 0 0 0 0 0 0 0 0 0 0 0 0 0
4.60963    2.30482    1.92082e-19 3.11482e-19 1.98988e-19 8.60816e-20 1.32861e-20 4.21983e-20 8.75115e-20 8.63187e-20 7.38171e-20 2.95157e-20 5.17066e-20  1.1503e-19 6.43728e-20 2.17862e-21 1.53404e-23 2.91897e-27 1.20485e-35 1.01671e-35 3.43652e-36  2.1574e-36 1.07728e-36 7.53805e-37  1.1693e-36 2.85194e-36 9.69343e-36 8.16569e-36 2.71529e-36 2.31351e-36 1.84349e-36 6.31233e-37 7.51954e-37  2.9843e-36 9.91586e-36  8.2007e-36 2.65107e-36 2.25955e-36  1.9717e-36 9.15209e-37 4.28445e-37 3.00748e-36 9.88575e-36 8.02508e-36 2.57036e-36 2.15312e-36  2.1373e-36 1.21421e-36 3.00392e-37 2.79459e-36 9.37412e-36 7.50159e-36 2.36863e-36 1.98778e-36  2.3212e-36  1.5394e-36 2.08668e-37 2.75898e-36 8.23564e-36 5.70607e-36 2.59384e-36 3.10833e-36 2.30854e-36 4.08227e-36 4.31739e-36 5.92385e-36 5.20336e-36 3.11463e-36 3.14904e-36 3.74021e-36 1.50737e-36 8.23394e-30 3.31269e-26 1.31778e-23 4.20544e-22 4.89172e-22 5.07593e-21 3.00181e-20 5.38114e-20 5.69005e-20 3.49863e-20 5.49304e-21 3.92239e-21
7.37541    2.76578    4.06444e-19 5.36389e-19 3.19357e-19 6.42536e-20 5.25089e-21 1.51808e-20 2.91953e-20 3.63402e-20 2.34476e-20 2.91912e-20 3.41172e-20 5.32611e-20 1.97246e-20 8.78771e-22 1.14326e-23 1.20901e-27 5.89575e-36 5.19302e-36 6.01386e-37 1.61066e-36 3.65113e-38 1.49808e-37 6.85264e-37 9.99248e-37 4.39703e-36 3.05292e-36 5.79958e-37 4.13632e-37 5.73952e-37 3.60747e-37 5.69558e-37 1.09146e-36 4.22805e-36 3.08259e-36 7.21161e-37 4.46049e-37 1.02262e-36 7.14325e-37 5.91136e-37 1.21298e-36 4.15903e-36 3.10368e-36 8.15817e-37 6.70068e-37 1.26001e-36 8.61387e-37 6.60614e-37 1.26147e-36 4.03948e-36 3.00649e-36 7.99531e-37 8.10504e-37 1.33933e-36  5.8627e-37 7.56958e-37 6.11959e-37 3.86794e-36 2.48918e-36 8.28143e-37 1.76594e-36 7.74647e-37 1.51617e-36 1.40586e-36 1.32286e-36 2.81911e-36 3.79419e-36 1.98272e-36 2.20005e-36  6.2327e-36 1.07717e-29 4.09106e-26 1.97871e-23 7.90161e-22 1.71931e-21 9.35276e-21 1.30487e-20 2.50956e-20 1.29672e-20 2.28383e-21 2.25935e-21 1.51312e-21
10.6943    3.31894    3.38709e-19 4.77779e-19 2.86408e-19 1.03544e-19 2.18655e-20  4.6685e-20 6.08756e-20 1.01107e-19 5.68023e-20 4.68161e-20 6.11855e-20 9.95137e-20  4.7605e-20 1.58013e-21 8.85015e-24 1.76311e-27 4.84597e-36 3.53097e-36 2.31983e-36 2.02844e-36 8.52451e-37 2.56401e-37 9.29218e-37  1.8688e-36 3.14255e-36 2.69205e-36 2.67202e-36  2.7094e-36 6.68038e-37 8.60576e-37 1.86382e-36 1.95148e-36 3.06378e-36 2.99236e-36 2.71706e-36 2.34307e-36 9.34268e-37 1.31971e-36 2.39926e-36 1.93647e-36 3.01147e-36  3.2201e-36 2.69531e-36 2.21345e-36 1.10379e-36 1.55934e-36 2.62791e-36 1.68595e-36 2.66666e-36 3.30773e-36 2.72649e-36 2.13878e-36 1.30887e-36 2.40758e-36 3.46353e-36 2.40539e-36 3.72721e-36 1.78793e-36 2.22899e-36 3.49424e-36 1.74321e-36  3.0313e-36 2.16026e-36 3.05824e-36 2.51919e-36 3.02097e-36 6.92077e-37  2.6807e-36 6.11262e-36 1.74235e-29 6.24513e-26 2.58702e-23 7.55042e-22  8.6035e-22 4.02228e-21 1.22301e-20  2.5612e-20 2.57975e-20 1.50226e-20 1.64732e-21 3.30513e-22
14.6771    3.98272    3.36567e-19  4.7429e-19 2.84458e-19 1.18835e-19 4.32171e-20  7.4747e-20 1.09771e-19 1.90872e-19 1.52596e-19 7.87561e-20 1.02873e-19 1.43876e-19 7.14375e-20 2.33301e-21 1.03008e-23  1.9509e-27 3.76374e-36 2.71724e-36 3.10179e-36 1.78956e-36 1.03588e-36 5.34967e-37 7.10628e-37 1.78738e-36  1.5038e-36 1.82674e-36 3.28797e-36  2.3753e-36 1.13322e-36 6.21452e-37  8.8494e-37 1.66709e-36 1.27251e-36 1.92208e-36 3.15703e-36 2.01551e-36 1.43803e-36    6.09e-37 8.07533e-37 1.49822e-36 1.15741e-36 1.99442e-36 3.01356e-36 1.88529e-36 1.70574e-36 5.74412e-37 4.93481e-37 1.08051e-36 9.89811e-37 1.79281e-36 2.52486e-36  1.6255e-36 1.84477e-36 8.03387e-37 1.07509e-37 6.80383e-37 1.58138e-36 1.28328e-36 1.00023e-36 1.84456e-36  1.3896e-36 2.24033e-36 1.98749e-36  1.5008e-36 3.13146e-36 4.57277e-36 1.33236e-36 2.74072e-36 7.16632e-36 1.69672e-29  7.0364e-26 2.91147e-23 9.52194e-22 1.69504e-21 4.03595e-21 1.03688e-20 2.46705e-20  1.9846e-20 7.59553e-21 5.79476e-21 3.04111e-21
19.4563    4.77927    3.31705e-19 4.67008e-19 2.77186e-19  1.3006e-19 6.97791e-20  1.1111e-19 1.55101e-19 2.77079e-19 2.28452e-19 1.21153e-19 1.48653e-19 1.93439e-19 9.72509e-20 2.88381e-21 9.96107e-24  2.2932e-27 4.40295e-36 3.13859e-36 3.32993e-36 2.44578e-36 6.51056e-37 3.73553e-37 1.02187e-36 2.43299e-36 2.33384e-36  3.0848e-36 3.48201e-36 3.25232e-36 7.49328e-37  9.9987e-37 2.18191e-36 2.58578e-36 2.37361e-36 3.55302e-36 3.53368e-36   3.099e-36 1.01391e-36 1.48843e-36 2.89549e-36 2.68773e-36 2.37545e-36 3.96262e-36 3.62847e-36 3.19755e-36 1.14596e-36 1.80382e-36 3.28456e-36 2.46365e-36 2.07563e-36 4.16926e-36  3.7631e-36 3.28416e-36 1.38159e-36 3.17336e-36 4.69409e-36 2.94011e-36 3.16461e-36 1.66516e-36 2.08163e-36 2.77364e-36 9.62466e-37 3.32148e-36 3.90579e-36 4.82271e-36 2.97753e-36 3.19928e-36 3.07009e-36 3.63978e-36 6.35692e-36  2.9516e-29 1.04045e-25  4.0924e-23 1.13789e-21 1.37213e-21 8.09377e-21 1.10703e-20 2.61434e-20 1.97365e-20 2.15807e-20 1.43265e-20  5.4749e-21
20.3312    0.874849    2.97089e-19 4.25277e-19 2.40665e-19 1.61257e-19 7.95787e-20  1.3222e-19 1.68513e-19 2.80942e-19 2.23502e-19 1.34555e-19 1.61379e-19 1.86582e-19 1.05872e-19 3.24948e-21 1.07957e-23  1.4862e-27 2.39894e-36 2.49553e-36 2.05029e-36 4.93901e-36 4.02887e-36 2.79096e-36 2.57673e-36 1.63519e-36 2.06978e-36 3.23576e-36 3.34107e-36  6.6843e-36 5.17778e-36 3.68341e-36 3.58967e-36 2.40027e-36 3.61885e-36 3.47859e-36 5.56106e-36 9.58924e-36 6.73417e-36 4.12277e-36  4.0042e-36 3.19669e-36 4.60747e-36 3.45867e-36 8.48982e-36 1.35909e-35 8.79297e-36 4.46293e-36 4.18388e-36 4.50333e-36 4.29482e-36 2.55004e-36 1.23288e-35 2.12535e-35  1.2765e-35 2.22235e-36 4.37443e-36 6.93169e-36 2.35873e-35 1.37138e-35 8.73414e-36 3.98076e-36 5.05998e-36 1.40019e-35 1.06723e-35 7.78809e-36   1.282e-35 1.65514e-35 6.23861e-36 1.41154e-35 1.20179e-35  4.3656e-29 1.48976e-25 6.48953e-23 1.87895e-21 2.06035e-21 5.81745e-21 6.80918e-20 1.49925e-19 1.01092e-19 6.46142e-20 1.53797e-20 5.39546e-21
21.206    0.874849    2.96335e-19 4.18783e-19 2.27089e-19 1.75931e-19 8.03782e-20  1.3976e-19 1.87005e-19 2.81277e-19 2.27417e-19 1.46533e-19 1.86596e-19 2.30582e-19 1.36042e-19   4.003e-21 1.45055e-23 1.95592e-27 3.73152e-36 3.67252e-36 2.35782e-36 5.35746e-36 4.34461e-36 3.13106e-36 3.63562e-36 1.09592e-36 1.01327e-36 3.45503e-36 3.05264e-36 6.24028e-36 4.62221e-36 4.30979e-36 5.34795e-36 2.01715e-36 2.53858e-36 3.09662e-36 5.23456e-36 8.83569e-36  5.6703e-36 4.94721e-36 6.30365e-36 3.00266e-36 4.01347e-36  2.7385e-36 7.74072e-36 1.19894e-35 6.88018e-36 4.65295e-36 6.23932e-36 4.90002e-36 6.83855e-36 3.53445e-36  1.3482e-35 1.65585e-35 6.34789e-36 1.51101e-36 3.72963e-36 1.02486e-35 2.81732e-35 1.40631e-35 8.16281e-36 4.87117e-36 5.76521e-36 1.88343e-35  1.4361e-35 1.74133e-35 1.51997e-35 1.22367e-35   3.887e-36 7.08446e-36 6.27805e-36 6.28476e-29 2.39441e-25 8.26697e-23 1.84078e-21 1.77675e-22 1.40019e-20 1.34256e-19 3.01519e-19 1.92669e-19 1.04588e-19 2.02761e-20 1.19759e-20
22.2559    1.04982    2.90459e-19 4.07881e-19 2.17708e-19 1.84201e-19 9.51242e-20 1.67161e-19 2.09028e-19 3.36871e-19 2.75516e-19 1.61698e-19 2.10773e-19  2.3351e-19 1.55576e-19 4.38577e-21  1.2248e-23 1.85251e-27 3.59677e-36 3.58157e-36 2.63529e-36 6.13402e-36 4.86528e-36 3.92951e-36 3.61318e-36 2.68694e-36 1.76378e-36 3.16448e-36 3.82204e-36 7.56096e-36 5.55639e-36 5.39228e-36 5.19277e-36 4.35383e-36  3.2816e-36 2.54251e-36 6.40032e-36   1.045e-35 6.68527e-36 6.13586e-36 5.80902e-36 5.97339e-36 4.69165e-36 1.98702e-36 9.31657e-36 1.38552e-35 7.95462e-36 6.26139e-36 5.74216e-36 8.44588e-36 7.45749e-36  3.8752e-36 1.59216e-35 1.91502e-35  8.1795e-36 3.74548e-36 8.48379e-36 1.60038e-35 3.68478e-35 1.93923e-35 1.03637e-35 4.71636e-36 7.07059e-36  1.8599e-35 1.62065e-35 1.73187e-35 2.18782e-35 1.53873e-35 5.68819e-36 9.52946e-36 7.07273e-36 6.79547e-29 2.85281e-25 9.14389e-23 2.02453e-21 1.69502e-21 2.74586e-20 2.14338e-19 4.65179e-19 2.81393e-19 1.42317e-19 3.18646e-20 2.26627e-20
23.5156    1.25978    2.98794e-19 4.11915e-19 2.17594e-19 1.90328e-19 1.00839e-19 1.72333e-19 2.29798e-19  3.4884e-19 2.86902e-19 1.70415e-19 1.99817e-19 2.28375e-19 1.52366e-19 4.49709e-21 1.33339e-23 2.06671e-27 3.68282e-36 3.53142e-36   2.316e-36 5.78563e-36 4.48084e-36 4.87756e-36 4.52576e-36   2.943e-36 1.75146e-36 2.98519e-36  3.6066e-36 7.22035e-36 5.32536e-36 6.51667e-36  6.2701e-36 5.02648e-36 3.25058e-36 2.06554e-36 6.32887e-36 1.01186e-35 6.40566e-36 7.47031e-36 6.95904e-36 7.04459e-36 4.79917e-36 1.47466e-36 9.30322e-36 1.37696e-35 7.50154e-36 7.75189e-36 6.92213e-36 9.85285e-36 6.77608e-36 4.28869e-36 1.80072e-35 1.86754e-35 6.94846e-36 5.16765e-36  1.0326e-35 2.02452e-35 4.31351e-35  2.3403e-35 1.10321e-35 5.05267e-36   8.084e-36 1.98038e-35 1.88211e-35 2.04169e-35 2.94237e-35 2.04012e-35  7.1312e-36 1.11055e-35 7.63899e-36 7.62071e-29 3.21261e-25 9.82849e-23 1.78869e-21 4.95583e-21 4.40453e-20 2.78082e-19 5.57909e-19 2.99641e-19 1.41515e-19 5.56999e-20 4.14621e-20
10.9962    10.9962    0 0 0 0 0 0 0 0 0 0 0 0 0 0 0 0 0 0 0 0 0
21.9923    10.9962    3.35183e-22 6.14493e-22  4.3782e-22 2.39033e-22 1.99286e-38 2.67369e-38 5.24625e-38 5.47104e-38 4.52109e-38 3.59017e-38 5.24359e-38  5.5969e-38 4.55159e-38 3.52807e-38 5.81874e-38 4.43647e-38 4.32005e-38 2.32516e-39 3.47211e-25 5.25728e-23 1.31403e-23
35.1877    13.1954    1.08053e-21 2.45553e-21 1.76365e-21 7.89635e-22  1.0646e-37 1.45867e-37  1.1086e-37 9.25574e-38 7.27794e-38 5.69732e-38 8.22298e-38 8.80779e-38 7.19108e-38 5.61148e-38 9.31058e-38 7.09932e-38 6.91289e-38 3.72297e-39 5.56407e-25 8.42681e-23 2.09917e-23
51.0221    15.8345    2.30367e-21 5.35747e-21 3.86306e-21 1.66188e-21 1.61549e-37 2.14706e-37  1.7249e-37 1.44855e-37 1.11035e-37 8.51995e-38 1.17657e-37 1.26292e-37 1.03326e-37 8.09267e-38 1.34727e-37 1.02752e-37 1.00042e-37 5.40456e-39  8.0894e-25 1.22471e-22 3.05675e-23
70.0235    19.0014    1.47622e-19 5.37704e-19 5.47506e-19 3.65369e-19 4.08745e-35 3.81366e-35 2.57444e-35  2.7694e-35 4.03784e-35  3.7648e-35 2.46164e-35  2.6786e-35 4.02884e-35 3.62931e-35 3.29299e-35 3.60578e-35 1.32903e-35 1.82907e-38 2.99245e-24  3.3097e-22 1.20373e-22
70.3705    0.346958     1.4766e-19 5.37726e-19 5.47519e-19  3.6538e-19 4.08775e-35 3.81378e-35 2.57463e-35 2.76957e-35 4.03808e-35   3.765e-35 2.46168e-35 2.67868e-35 4.02912e-35 3.62947e-35 3.29308e-35 3.60597e-35 1.32922e-35 1.83415e-38  2.9997e-24 3.31918e-22 1.20625e-22
70.7174    0.346958    1.47627e-19 5.37705e-19 5.47511e-19 3.65357e-19 4.08799e-35  3.8146e-35 2.57445e-35 2.76928e-35 4.03779e-35 3.76472e-35 2.46151e-35 2.67849e-35 4.02882e-35 3.62922e-35 3.29285e-35 3.60572e-35 1.32914e-35 1.83559e-38 3.00194e-24 3.32536e-22  1.2073e-22
71.1338    0.416349    1.47626e-19 5.37697e-19 5.47503e-19 3.65329e-19 4.08876e-35 3.81592e-35 2.57442e-35 2.76913e-35 4.03781e-35 3.76469e-35 2.46146e-35 2.67845e-35 4.02882e-35  3.6292e-35 3.29279e-35  3.6057e-35 1.32921e-35 1.83904e-38 3.00705e-24 3.33444e-22 1.20937e-22
71.6334    0.499619    1.47622e-19 5.37699e-19 5.47499e-19 3.65339e-19 4.08818e-35 3.81495e-35 2.57428e-35 2.76912e-35 4.03784e-35 3.76465e-35 2.46141e-35  2.6784e-35 4.02883e-35 3.62916e-35 3.29271e-35 3.60568e-35 1.32929e-35 1.84362e-38 3.01372e-24 3.34559e-22 1.21198e-22
72.2329    0.599543    1.47645e-19 5.37751e-19 5.47518e-19 3.65312e-19 4.08826e-35 3.81514e-35 2.57414e-35   2.769e-35 4.03787e-35 3.76457e-35 2.46136e-35 2.67835e-35 4.02884e-35 3.62913e-35 3.29262e-35 3.60566e-35  1.3294e-35 1.84912e-38 3.02178e-24 3.35904e-22 1.21515e-22
