335.043    66.087         0
     0
324693
171759
     0
     0
15.3697    15.3697    0
0
0
0
0
0
30.7394    15.3697          0
      0
329.584
413.737
      0
      0
49.1831    18.4437          0
      0
98984.5
81836.3
      0
      0
71.3155    22.1324          0
      0
 123559
70027.8
      0
      0
97.8744    26.5589         0
     0
312268
253782
     0
     0
129.745    31.8706         0
     0
178543
179620
     0
     0
167.99    38.2448         0
     0
143628
187328
     0
     0
213.884    45.8937         0
     0
212986
162686
     0
     0
268.956    55.0725         0
     0
136039
234290
     0
     0
335.043    66.087         0
     0
324693
171759
     0
     0
15.3697    15.3697    0
0
0
0
0
0
30.7394    15.3697          0
      0
329.584
413.737
      0
      0
49.1831    18.4437          0
      0
98984.5
81836.3
      0
      0
71.3155    22.1324          0
      0
 123559
70027.8
      0
      0
97.8744    26.5589         0
     0
312268
253782
     0
     0
129.745    31.8706         0
     0
178543
179620
     0
     0
167.99    38.2448         0
     0
143628
187328
     0
     0
213.884    45.8937         0
     0
212986
162686
     0
     0
268.956    55.0725         0
     0
136039
234290
     0
     0
335.043    66.087         0
     0
324693
171759
     0
     0
15.3697    15.3697    0
0
0
0
0
0
30.7394    15.3697          0
      0
329.584
413.737
      0
      0
49.1831    18.4437          0
      0
98984.5
81836.3
      0
      0
71.3155    22.1324          0
      0
 123559
70027.8
      0
      0
97.8744    26.5589         0
     0
312268
253782
     0
     0
129.745    31.8706         0
     0
178543
179620
     0
     0
167.99    38.2448         0
     0
143628
187328
     0
     0
213.884    45.8937         0
     0
212986
162686
     0
     0
268.956    55.0725         0
     0
136039
234290
     0
     0
335.043    66.087         0
     0
324693
171759
     0
     0
15.3697    15.3697    0
0
0
0
0
0
30.7394    15.3697          0
      0
329.584
413.737
      0
      0
49.1831    18.4437          0
      0
98984.5
81836.3
      0
      0
71.3155    22.1324          0
      0
 123559
70027.8
      0
      0
15.3697    15.3697    0
0
0
0
0
0
30.7394    15.3697          0
      0
329.584
413.737
      0
      0
49.1831    18.4437          0
      0
98984.5
81836.3
      0
      0
71.3155    22.1324          0
      0
 123559
70027.8
      0
      0
97.8744    26.5589         0
     0
312268
253782
     0
     0
129.745    31.8706         0
     0
178543
179620
     0
     0
167.99    38.2448         0
     0
143628
187328
     0
     0
213.884    45.8937         0
     0
212986
162686
     0
     0
268.956    55.0725         0
     0
136039
234290
     0
     0
335.043    66.087         0
     0
324693
171759
     0
     0
