335.043    66.087               0
-1.23159e-07
-1.11018e-07
 1.01427e-07
 9.47475e-08
-1.68875e-08
           0
15.3697    15.3697               0
-5.52202e-10
-1.28592e-10
 2.94693e-11
 -3.8105e-10
-6.20608e-12
           0
30.7394    15.3697               0
-4.95405e-10
-9.55612e-12
 1.20011e-10
-2.77478e-10
-2.92659e-11
           0
49.1831    18.4437               0
-5.02669e-07
-4.28275e-07
-3.14131e-07
-3.91871e-07
-4.79655e-07
           0
71.3155    22.1324               0
 1.11205e-08
 2.27293e-08
 1.47282e-08
-9.95845e-09
-3.30001e-08
           0
97.8744    26.5589               0
-7.34922e-06
 -7.3115e-06
-7.32274e-06
-7.36821e-06
 -7.0218e-06
           0
129.745    31.8706               0
 9.59046e-08
 1.63743e-07
 1.12853e-07
  5.4548e-08
-4.37499e-08
           0
167.99    38.2448               0
  3.6647e-08
 1.05385e-08
-4.33894e-08
-1.26969e-08
 2.79923e-08
           0
213.884    45.8937               0
-4.71073e-08
-3.49464e-08
 5.61412e-08
 3.74294e-08
-2.13168e-08
           0
268.956    55.0725               0
  7.7196e-08
 6.63894e-08
-7.16246e-08
-5.90488e-08
 1.90106e-08
           0
335.043    66.087               0
-1.23159e-07
-1.11018e-07
 1.01427e-07
 9.47475e-08
-1.68875e-08
           0
15.3697    15.3697               0
-5.52202e-10
-1.28592e-10
 2.94693e-11
 -3.8105e-10
-6.20608e-12
           0
30.7394    15.3697               0
-4.95405e-10
-9.55612e-12
 1.20011e-10
-2.77478e-10
-2.92659e-11
           0
49.1831    18.4437               0
-5.02669e-07
-4.28275e-07
-3.14131e-07
-3.91871e-07
-4.79655e-07
           0
71.3155    22.1324               0
 1.11205e-08
 2.27293e-08
 1.47282e-08
-9.95845e-09
-3.30001e-08
           0
97.8744    26.5589               0
-7.34922e-06
 -7.3115e-06
-7.32274e-06
-7.36821e-06
 -7.0218e-06
           0
129.745    31.8706               0
 9.59046e-08
 1.63743e-07
 1.12853e-07
  5.4548e-08
-4.37499e-08
           0
167.99    38.2448               0
  3.6647e-08
 1.05385e-08
-4.33894e-08
-1.26969e-08
 2.79923e-08
           0
213.884    45.8937               0
-4.71073e-08
-3.49464e-08
 5.61412e-08
 3.74294e-08
-2.13168e-08
           0
268.956    55.0725               0
  7.7196e-08
 6.63894e-08
-7.16246e-08
-5.90488e-08
 1.90106e-08
           0
335.043    66.087               0
-1.23159e-07
-1.11018e-07
 1.01427e-07
 9.47475e-08
-1.68875e-08
           0
15.3697    15.3697               0
-5.52202e-10
-1.28592e-10
 2.94693e-11
 -3.8105e-10
-6.20608e-12
           0
30.7394    15.3697               0
-4.95405e-10
-9.55612e-12
 1.20011e-10
-2.77478e-10
-2.92659e-11
           0
49.1831    18.4437               0
-5.02669e-07
-4.28275e-07
-3.14131e-07
-3.91871e-07
-4.79655e-07
           0
71.3155    22.1324               0
 1.11205e-08
 2.27293e-08
 1.47282e-08
-9.95845e-09
-3.30001e-08
           0
97.8744    26.5589               0
-7.34922e-06
 -7.3115e-06
-7.32274e-06
-7.36821e-06
 -7.0218e-06
           0
129.745    31.8706               0
 9.59046e-08
 1.63743e-07
 1.12853e-07
  5.4548e-08
-4.37499e-08
           0
167.99    38.2448               0
  3.6647e-08
 1.05385e-08
-4.33894e-08
-1.26969e-08
 2.79923e-08
           0
213.884    45.8937               0
-4.71073e-08
-3.49464e-08
 5.61412e-08
 3.74294e-08
-2.13168e-08
           0
268.956    55.0725               0
  7.7196e-08
 6.63894e-08
-7.16246e-08
-5.90488e-08
 1.90106e-08
           0
335.043    66.087               0
-1.23159e-07
-1.11018e-07
 1.01427e-07
 9.47475e-08
-1.68875e-08
           0
15.3697    15.3697               0
-5.52202e-10
-1.28592e-10
 2.94693e-11
 -3.8105e-10
-6.20608e-12
           0
30.7394    15.3697               0
-4.95405e-10
-9.55612e-12
 1.20011e-10
-2.77478e-10
-2.92659e-11
           0
49.1831    18.4437               0
-5.02669e-07
-4.28275e-07
-3.14131e-07
-3.91871e-07
-4.79655e-07
           0
71.3155    22.1324               0
 1.11205e-08
 2.27293e-08
 1.47282e-08
-9.95845e-09
-3.30001e-08
           0
15.3697    15.3697               0
-5.52202e-10
-1.28592e-10
 2.94693e-11
 -3.8105e-10
-6.20608e-12
           0
30.7394    15.3697               0
-4.95405e-10
-9.55612e-12
 1.20011e-10
-2.77478e-10
-2.92659e-11
           0
49.1831    18.4437               0
-5.02669e-07
-4.28275e-07
-3.14131e-07
-3.91871e-07
-4.79655e-07
           0
71.3155    22.1324               0
 1.11205e-08
 2.27293e-08
 1.47282e-08
-9.95845e-09
-3.30001e-08
           0
97.8744    26.5589               0
-7.34922e-06
 -7.3115e-06
-7.32274e-06
-7.36821e-06
 -7.0218e-06
           0
129.745    31.8706               0
 9.59046e-08
 1.63743e-07
 1.12853e-07
  5.4548e-08
-4.37499e-08
           0
167.99    38.2448               0
  3.6647e-08
 1.05385e-08
-4.33894e-08
-1.26969e-08
 2.79923e-08
           0
213.884    45.8937               0
-4.71073e-08
-3.49464e-08
 5.61412e-08
 3.74294e-08
-2.13168e-08
           0
268.956    55.0725               0
  7.7196e-08
 6.63894e-08
-7.16246e-08
-5.90488e-08
 1.90106e-08
           0
335.043    66.087               0
-1.23159e-07
-1.11018e-07
 1.01427e-07
 9.47475e-08
-1.68875e-08
           0
