335.043    66.087              0
2.99579e-18
6.91235e-18
3.06632e-17
7.59482e-18
 3.0303e-18
          0
15.3697    15.3697              0
3.03026e-18
6.92638e-18
3.03031e-17
7.57569e-18
 3.0303e-18
          0
30.7394    15.3697              0
3.03023e-18
6.92638e-18
3.03031e-17
7.57564e-18
 3.0303e-18
          0
49.1831    18.4437              0
3.00622e-18
6.83821e-18
3.49376e-17
8.77067e-18
 3.0303e-18
          0
71.3155    22.1324              0
 3.0078e-18
6.84384e-18
3.49536e-17
8.77245e-18
 3.0303e-18
          0
97.8744    26.5589              0
2.50847e-18
4.67481e-18
2.54191e-17
7.51288e-18
 3.0303e-18
          0
129.745    31.8706              0
3.01707e-18
6.96724e-18
3.04824e-17
7.54279e-18
 3.0303e-18
          0
167.99    38.2448              0
3.02219e-18
6.97178e-18
3.04008e-17
7.53023e-18
 3.0303e-18
          0
213.884    45.8937              0
3.01248e-18
6.95374e-18
3.05275e-17
7.55737e-18
 3.0303e-18
          0
268.956    55.0725              0
 3.0313e-18
6.99486e-18
3.03335e-17
7.51094e-18
 3.0303e-18
          0
335.043    66.087              0
2.99579e-18
6.91235e-18
3.06632e-17
7.59482e-18
 3.0303e-18
          0
15.3697    15.3697              0
3.03026e-18
6.92638e-18
3.03031e-17
7.57569e-18
 3.0303e-18
          0
30.7394    15.3697              0
3.03023e-18
6.92638e-18
3.03031e-17
7.57564e-18
 3.0303e-18
          0
49.1831    18.4437              0
3.00622e-18
6.83821e-18
3.49376e-17
8.77067e-18
 3.0303e-18
          0
71.3155    22.1324              0
 3.0078e-18
6.84384e-18
3.49536e-17
8.77245e-18
 3.0303e-18
          0
97.8744    26.5589              0
2.50847e-18
4.67481e-18
2.54191e-17
7.51288e-18
 3.0303e-18
          0
129.745    31.8706              0
3.01707e-18
6.96724e-18
3.04824e-17
7.54279e-18
 3.0303e-18
          0
167.99    38.2448              0
3.02219e-18
6.97178e-18
3.04008e-17
7.53023e-18
 3.0303e-18
          0
213.884    45.8937              0
3.01248e-18
6.95374e-18
3.05275e-17
7.55737e-18
 3.0303e-18
          0
268.956    55.0725              0
 3.0313e-18
6.99486e-18
3.03335e-17
7.51094e-18
 3.0303e-18
          0
335.043    66.087              0
2.99579e-18
6.91235e-18
3.06632e-17
7.59482e-18
 3.0303e-18
          0
15.3697    15.3697              0
3.03026e-18
6.92638e-18
3.03031e-17
7.57569e-18
 3.0303e-18
          0
30.7394    15.3697              0
3.03023e-18
6.92638e-18
3.03031e-17
7.57564e-18
 3.0303e-18
          0
49.1831    18.4437              0
3.00622e-18
6.83821e-18
3.49376e-17
8.77067e-18
 3.0303e-18
          0
71.3155    22.1324              0
 3.0078e-18
6.84384e-18
3.49536e-17
8.77245e-18
 3.0303e-18
          0
97.8744    26.5589              0
2.50847e-18
4.67481e-18
2.54191e-17
7.51288e-18
 3.0303e-18
          0
129.745    31.8706              0
3.01707e-18
6.96724e-18
3.04824e-17
7.54279e-18
 3.0303e-18
          0
167.99    38.2448              0
3.02219e-18
6.97178e-18
3.04008e-17
7.53023e-18
 3.0303e-18
          0
213.884    45.8937              0
3.01248e-18
6.95374e-18
3.05275e-17
7.55737e-18
 3.0303e-18
          0
268.956    55.0725              0
 3.0313e-18
6.99486e-18
3.03335e-17
7.51094e-18
 3.0303e-18
          0
335.043    66.087              0
2.99579e-18
6.91235e-18
3.06632e-17
7.59482e-18
 3.0303e-18
          0
15.3697    15.3697              0
3.03026e-18
6.92638e-18
3.03031e-17
7.57569e-18
 3.0303e-18
          0
30.7394    15.3697              0
3.03023e-18
6.92638e-18
3.03031e-17
7.57564e-18
 3.0303e-18
          0
49.1831    18.4437              0
3.00622e-18
6.83821e-18
3.49376e-17
8.77067e-18
 3.0303e-18
          0
71.3155    22.1324              0
 3.0078e-18
6.84384e-18
3.49536e-17
8.77245e-18
 3.0303e-18
          0
15.3697    15.3697              0
3.03026e-18
6.92638e-18
3.03031e-17
7.57569e-18
 3.0303e-18
          0
30.7394    15.3697              0
3.03023e-18
6.92638e-18
3.03031e-17
7.57564e-18
 3.0303e-18
          0
49.1831    18.4437              0
3.00622e-18
6.83821e-18
3.49376e-17
8.77067e-18
 3.0303e-18
          0
71.3155    22.1324              0
 3.0078e-18
6.84384e-18
3.49536e-17
8.77245e-18
 3.0303e-18
          0
97.8744    26.5589              0
2.50847e-18
4.67481e-18
2.54191e-17
7.51288e-18
 3.0303e-18
          0
129.745    31.8706              0
3.01707e-18
6.96724e-18
3.04824e-17
7.54279e-18
 3.0303e-18
          0
167.99    38.2448              0
3.02219e-18
6.97178e-18
3.04008e-17
7.53023e-18
 3.0303e-18
          0
213.884    45.8937              0
3.01248e-18
6.95374e-18
3.05275e-17
7.55737e-18
 3.0303e-18
          0
268.956    55.0725              0
 3.0313e-18
6.99486e-18
3.03335e-17
7.51094e-18
 3.0303e-18
          0
335.043    66.087              0
2.99579e-18
6.91235e-18
3.06632e-17
7.59482e-18
 3.0303e-18
          0
