335.043    66.087            0
  59935.4
-0.112597
 0.019529
  64005.5
   128011
        0
15.3697    15.3697              0
9.99999e+06
      1e+07
      1e+07
9.99999e+06
      1e+07
          0
30.7394    15.3697              0
9.99991e+06
      1e+07
      1e+07
9.99998e+06
9.99997e+06
          0
49.1831    18.4437              0
9.78045e+06
9.99725e+06
4.99862e+06
4.77882e+06
9.55764e+06
          0
71.3155    22.1324              0
9.77669e+06
 9.9973e+06
4.99865e+06
4.76056e+06
9.52112e+06
          0
97.8744    26.5589              0
5.09393e+06
9.93574e+06
4.96787e+06
    98284.9
     196570
          0
129.745    31.8706            0
    76008
 -0.21339
-0.106995
  63426.4
   126853
        0
167.99    38.2448            0
  94006.4
 0.225347
0.0858487
  90190.4
   180381
        0
213.884    45.8937             0
   84580.8
-0.0347471
 0.0224394
   65732.7
    131465
         0
268.956    55.0725             0
    105883
 0.0704795
-0.0198966
   91906.7
    183813
         0
335.043    66.087            0
  59935.4
-0.112597
 0.019529
  64005.5
   128011
        0
15.3697    15.3697              0
9.99999e+06
      1e+07
      1e+07
9.99999e+06
      1e+07
          0
30.7394    15.3697              0
9.99991e+06
      1e+07
      1e+07
9.99998e+06
9.99997e+06
          0
49.1831    18.4437              0
9.78045e+06
9.99725e+06
4.99862e+06
4.77882e+06
9.55764e+06
          0
71.3155    22.1324              0
9.77669e+06
 9.9973e+06
4.99865e+06
4.76056e+06
9.52112e+06
          0
97.8744    26.5589              0
5.09393e+06
9.93574e+06
4.96787e+06
    98284.9
     196570
          0
129.745    31.8706            0
    76008
 -0.21339
-0.106995
  63426.4
   126853
        0
167.99    38.2448            0
  94006.4
 0.225347
0.0858487
  90190.4
   180381
        0
213.884    45.8937             0
   84580.8
-0.0347471
 0.0224394
   65732.7
    131465
         0
268.956    55.0725             0
    105883
 0.0704795
-0.0198966
   91906.7
    183813
         0
335.043    66.087            0
  59935.4
-0.112597
 0.019529
  64005.5
   128011
        0
15.3697    15.3697              0
9.99999e+06
      1e+07
      1e+07
9.99999e+06
      1e+07
          0
30.7394    15.3697              0
9.99991e+06
      1e+07
      1e+07
9.99998e+06
9.99997e+06
          0
49.1831    18.4437              0
9.78045e+06
9.99725e+06
4.99862e+06
4.77882e+06
9.55764e+06
          0
71.3155    22.1324              0
9.77669e+06
 9.9973e+06
4.99865e+06
4.76056e+06
9.52112e+06
          0
97.8744    26.5589              0
5.09393e+06
9.93574e+06
4.96787e+06
    98284.9
     196570
          0
129.745    31.8706            0
    76008
 -0.21339
-0.106995
  63426.4
   126853
        0
167.99    38.2448            0
  94006.4
 0.225347
0.0858487
  90190.4
   180381
        0
213.884    45.8937             0
   84580.8
-0.0347471
 0.0224394
   65732.7
    131465
         0
268.956    55.0725             0
    105883
 0.0704795
-0.0198966
   91906.7
    183813
         0
335.043    66.087            0
  59935.4
-0.112597
 0.019529
  64005.5
   128011
        0
15.3697    15.3697              0
9.99999e+06
      1e+07
      1e+07
9.99999e+06
      1e+07
          0
30.7394    15.3697              0
9.99991e+06
      1e+07
      1e+07
9.99998e+06
9.99997e+06
          0
49.1831    18.4437              0
9.78045e+06
9.99725e+06
4.99862e+06
4.77882e+06
9.55764e+06
          0
71.3155    22.1324              0
9.77669e+06
 9.9973e+06
4.99865e+06
4.76056e+06
9.52112e+06
          0
15.3697    15.3697              0
9.99999e+06
      1e+07
      1e+07
9.99999e+06
      1e+07
          0
30.7394    15.3697              0
9.99991e+06
      1e+07
      1e+07
9.99998e+06
9.99997e+06
          0
49.1831    18.4437              0
9.78045e+06
9.99725e+06
4.99862e+06
4.77882e+06
9.55764e+06
          0
71.3155    22.1324              0
9.77669e+06
 9.9973e+06
4.99865e+06
4.76056e+06
9.52112e+06
          0
97.8744    26.5589              0
5.09393e+06
9.93574e+06
4.96787e+06
    98284.9
     196570
          0
129.745    31.8706            0
    76008
 -0.21339
-0.106995
  63426.4
   126853
        0
167.99    38.2448            0
  94006.4
 0.225347
0.0858487
  90190.4
   180381
        0
213.884    45.8937             0
   84580.8
-0.0347471
 0.0224394
   65732.7
    131465
         0
268.956    55.0725             0
    105883
 0.0704795
-0.0198966
   91906.7
    183813
         0
335.043    66.087            0
  59935.4
-0.112597
 0.019529
  64005.5
   128011
        0
