4.5833    4.5833    7.48264e+21 7.48264e+21 7.48264e+21 7.48264e+21 7.48264e+21 7.48264e+21 7.48264e+21 7.48264e+21 7.48264e+21 7.48264e+21 7.48264e+21 7.48264e+21 7.48264e+21 7.48264e+21 7.48264e+21 7.48264e+21 7.48264e+21 7.48264e+21 7.48264e+21 7.48264e+21 7.48264e+21 7.48264e+21 7.48264e+21 7.48264e+21 7.48264e+21 7.48264e+21 7.48264e+21 7.48264e+21 7.48264e+21 7.48264e+21 7.48264e+21 7.48264e+21 7.48264e+21 7.48264e+21 7.48264e+21 7.48264e+21 7.48264e+21 7.48264e+21 7.48264e+21 7.48264e+21 7.48264e+21
9.1666    4.5833    7.48264e+21 7.48264e+21 7.48264e+21 7.48264e+21 7.48264e+21 7.48264e+21 7.48264e+21 7.48264e+21 7.48264e+21 7.48264e+21 7.48264e+21 7.48264e+21 7.48264e+21 7.48264e+21 7.48264e+21 7.48264e+21 7.48264e+21 7.48264e+21 7.48264e+21 7.48264e+21 7.48264e+21 7.48264e+21 7.48264e+21 7.48264e+21 7.48264e+21 7.48264e+21 7.48264e+21 7.48264e+21 7.48264e+21 7.48264e+21 7.48264e+21 7.48264e+21 7.48264e+21 7.48264e+21 7.48264e+21 7.48264e+21 7.48264e+21 7.48264e+21 7.48264e+21 7.48264e+21 7.48264e+21
14.6666    5.49996    7.48264e+21 7.48264e+21 7.48264e+21 7.48264e+21 7.48264e+21 7.48264e+21 7.48264e+21 7.48264e+21 7.48264e+21 7.48264e+21 7.48264e+21 7.48264e+21 7.48264e+21 7.48264e+21 7.48264e+21 7.48264e+21 7.48264e+21 7.48264e+21 7.48264e+21 7.48264e+21 7.48264e+21 7.48264e+21 7.48264e+21 7.48264e+21 7.48264e+21 7.48264e+21 7.48264e+21 7.48264e+21 7.48264e+21 7.48264e+21 7.48264e+21 7.48264e+21 7.48264e+21 7.48264e+21 7.48264e+21 7.48264e+21 7.48264e+21 7.48264e+21 7.48264e+21 7.48264e+21 7.48264e+21
21.2665    6.59995    7.48264e+21 7.48264e+21 7.48264e+21 7.48264e+21 7.48264e+21 7.48264e+21 7.48264e+21 7.48264e+21 7.48264e+21 7.48264e+21 7.48264e+21 7.48264e+21 7.48264e+21 7.48264e+21 7.48264e+21 7.48264e+21 7.48264e+21 7.48264e+21 7.48264e+21 7.48264e+21 7.48264e+21 7.48264e+21 7.48264e+21 7.48264e+21 7.48264e+21 7.48264e+21 7.48264e+21 7.48264e+21 7.48264e+21 7.48264e+21 7.48264e+21 7.48264e+21 7.48264e+21 7.48264e+21 7.48264e+21 7.48264e+21 7.48264e+21 7.48264e+21 7.48264e+21 7.48264e+21 7.48264e+21
29.1864    7.91994    7.48264e+21 7.48264e+21 7.48264e+21 7.48264e+21 7.48264e+21 7.48264e+21 7.48264e+21 7.48264e+21 7.48264e+21 7.48264e+21 7.48264e+21 7.48264e+21 7.48264e+21 7.48264e+21 7.48264e+21 7.48264e+21 7.48264e+21 7.48264e+21 7.48264e+21 7.48264e+21 7.48264e+21 7.48264e+21 7.48264e+21 7.48264e+21 7.48264e+21 7.48264e+21 7.48264e+21 7.48264e+21 7.48264e+21 7.48264e+21 7.48264e+21 7.48264e+21 7.48264e+21 7.48264e+21 7.48264e+21 7.48264e+21 7.48264e+21 7.48264e+21 7.48264e+21 7.48264e+21 7.48264e+21
38.6904    9.50393    7.48264e+21 7.48264e+21 7.48264e+21 7.48264e+21 7.48264e+21 7.48264e+21 7.48264e+21 7.48264e+21 7.48264e+21 7.48264e+21 7.48264e+21 7.48264e+21 7.48264e+21 7.48264e+21 7.48264e+21 7.48264e+21 7.48264e+21 7.48264e+21 7.48264e+21 7.48264e+21 7.48264e+21 7.48264e+21 7.48264e+21 7.48264e+21 7.48264e+21 7.48264e+21 7.48264e+21 7.48264e+21 7.48264e+21 7.48264e+21 7.48264e+21 7.48264e+21 7.48264e+21 7.48264e+21 7.48264e+21 7.48264e+21 7.48264e+21 7.48264e+21 7.48264e+21 7.48264e+21 7.48264e+21
50.0951    11.4047    7.48264e+21 7.48264e+21 7.48264e+21 7.48264e+21 7.48264e+21 7.48264e+21 7.48264e+21 7.48264e+21 7.48264e+21 7.48264e+21 7.48264e+21 7.48264e+21 7.48264e+21 7.48264e+21 7.48264e+21 7.48264e+21 7.48264e+21 7.48264e+21 7.48264e+21 7.48264e+21 7.48264e+21 7.48264e+21 7.48264e+21 7.48264e+21 7.48264e+21 7.48264e+21 7.48264e+21 7.48264e+21 7.48264e+21 7.48264e+21 7.48264e+21 7.48264e+21 7.48264e+21 7.48264e+21 7.48264e+21 7.48264e+21 7.48264e+21 7.48264e+21 7.48264e+21 7.48264e+21 7.48264e+21
63.7807    13.6857    7.48264e+21 7.48264e+21 7.48264e+21 7.48264e+21 7.48264e+21 7.48264e+21 7.48264e+21 7.48264e+21 7.48264e+21 7.48264e+21 7.48264e+21 7.48264e+21 7.48264e+21 7.48264e+21 7.48264e+21 7.48264e+21 7.48264e+21 7.48264e+21 7.48264e+21 7.48264e+21 7.48264e+21 7.48264e+21 7.48264e+21 7.48264e+21 7.48264e+21 7.48264e+21 7.48264e+21 7.48264e+21 7.48264e+21 7.48264e+21 7.48264e+21 7.48264e+21 7.48264e+21 7.48264e+21 7.48264e+21 7.48264e+21 7.48264e+21 7.48264e+21 7.48264e+21 7.48264e+21 7.48264e+21
63.7808    0.0001    1.58405e+14 1.67549e+14 1.77288e+14 1.33528e+14 1.35604e+14 1.31828e+14 1.77956e+14 1.22293e+13 3.55191e+12 3.57431e+12 3.46579e+12 3.77818e+12 7.48264e+21 7.48264e+21 3.48856e+12 3.59461e+12 3.55017e+12 3.57772e+12 3.14149e+12 3.55815e+12 7.48264e+21  4.5306e+12  2.9894e+12 3.54857e+12 3.55266e+12 3.48657e+12 3.38465e+12 3.55131e+12 3.59447e+12 3.49109e+12 3.39034e+12 3.62867e+12 4.04117e+12  3.9467e+12 3.98109e+12 9.97755e+12 2.31282e+13 1.32581e+14  1.3121e+14 1.30786e+14 1.30716e+14
63.7809    0.0001    6.35991e+14 6.72847e+14 7.12128e+14 1.07496e+15 1.09178e+15  1.0612e+15 1.43564e+15 9.85328e+13  5.2388e+14 5.28088e+14 2.37276e+14 1.32017e+15 5.40432e+21 3.86023e+21 5.13794e+14 5.31087e+14 2.43481e+14  5.2859e+14 5.10189e+13 2.44028e+14  6.7554e+21 3.16891e+14 4.85137e+13 1.17479e+14 2.43652e+14 1.15358e+14 1.11875e+14 2.43559e+14 5.31057e+14 5.14231e+14 1.12069e+14 1.26791e+15  4.4082e+15 4.31156e+15 4.35036e+15 3.48207e+15 1.58138e+15 1.06727e+15 5.26468e+14 5.24761e+14 5.24478e+14
1e+07    1e+07    7.48264e+21 7.48264e+21 7.48264e+21 7.48264e+21 7.48264e+21 7.48264e+21 7.48264e+21 7.48264e+21 7.48264e+21 7.48264e+21 7.48264e+21 7.48264e+21 7.48264e+21 7.48264e+21 7.48264e+21 7.48264e+21 7.48264e+21 7.48264e+21 7.48264e+21 7.48264e+21 7.48264e+21 7.48264e+21 7.48264e+21 7.48264e+21 7.48264e+21 7.48264e+21 7.48264e+21 7.48264e+21 7.48264e+21 7.48264e+21 7.48264e+21 7.48264e+21 7.48264e+21 7.48264e+21 7.48264e+21 7.48264e+21 7.48264e+21 7.48264e+21 7.48264e+21 7.48264e+21 7.48264e+21
2e+07    1e+07    7.48264e+21 7.48264e+21 7.48264e+21 7.48264e+21 7.48264e+21 7.48264e+21 7.48264e+21 7.48264e+21 7.48264e+21 7.48264e+21 7.48264e+21 7.48264e+21 7.48264e+21 7.48264e+21 7.48264e+21 7.48264e+21 7.48264e+21 7.48264e+21 7.48264e+21 7.48264e+21 7.48264e+21 7.48264e+21 7.48264e+21 7.48264e+21 7.48264e+21 7.48264e+21 7.48264e+21 7.48264e+21 7.48264e+21 7.48264e+21 7.48264e+21 7.48264e+21 7.48264e+21 7.48264e+21 7.48264e+21 7.48264e+21 7.48264e+21 7.48264e+21 7.48264e+21 7.48264e+21 7.48264e+21
3e+07    1e+07    7.48264e+21 7.48264e+21 7.48264e+21 7.48264e+21 7.48264e+21 7.48264e+21 7.48264e+21 7.48264e+21 7.48264e+21 7.48264e+21 7.48264e+21 7.48264e+21 7.48264e+21 7.48264e+21 7.48264e+21 7.48264e+21 7.48264e+21 7.48264e+21 7.48264e+21 7.48264e+21 7.48264e+21 7.48264e+21 7.48264e+21 7.48264e+21 7.48264e+21 7.48264e+21 7.48264e+21 7.48264e+21 7.48264e+21 7.48264e+21 7.48264e+21 7.48264e+21 7.48264e+21 7.48264e+21 7.48264e+21 7.48264e+21 7.48264e+21 7.48264e+21 7.48264e+21 7.48264e+21 7.48264e+21
4e+07    1e+07    7.48264e+21 7.48264e+21 7.48264e+21 7.48264e+21 7.48264e+21 7.48264e+21 7.48264e+21 7.48264e+21 7.48264e+21 7.48264e+21 7.48264e+21 7.48264e+21 7.48264e+21 7.48264e+21 7.48264e+21 7.48264e+21 7.48264e+21 7.48264e+21 7.48264e+21 7.48264e+21 7.48264e+21 7.48264e+21 7.48264e+21 7.48264e+21 7.48264e+21 7.48264e+21 7.48264e+21 7.48264e+21 7.48264e+21 7.48264e+21 7.48264e+21 7.48264e+21 7.48264e+21 7.48264e+21 7.48264e+21 7.48264e+21 7.48264e+21 7.48264e+21 7.48264e+21 7.48264e+21 7.48264e+21
5e+07    1e+07    7.48264e+21 7.48264e+21 7.48264e+21 7.48264e+21 7.48264e+21 7.48264e+21 7.48264e+21 7.48264e+21 7.48264e+21 7.48264e+21 7.48264e+21 7.48264e+21 7.48264e+21 7.48264e+21 7.48264e+21 7.48264e+21 7.48264e+21 7.48264e+21 7.48264e+21 7.48264e+21 7.48264e+21 7.48264e+21 7.48264e+21 7.48264e+21 7.48264e+21 7.48264e+21 7.48264e+21 7.48264e+21 7.48264e+21 7.48264e+21 7.48264e+21 7.48264e+21 7.48264e+21 7.48264e+21 7.48264e+21 7.48264e+21 7.48264e+21 7.48264e+21 7.48264e+21 7.48264e+21 7.48264e+21
6e+07    1e+07    7.48264e+21 7.48264e+21 7.48264e+21 7.48264e+21 7.48264e+21 7.48264e+21 7.48264e+21 7.48264e+21 7.48264e+21 7.48264e+21 7.48264e+21 7.48264e+21 7.48264e+21 7.48264e+21 7.48264e+21 7.48264e+21 7.48264e+21 7.48264e+21 7.48264e+21 7.48264e+21 7.48264e+21 7.48264e+21 7.48264e+21 7.48264e+21 7.48264e+21 7.48264e+21 7.48264e+21 7.48264e+21 7.48264e+21 7.48264e+21 7.48264e+21 7.48264e+21 7.48264e+21 7.48264e+21 7.48264e+21 7.48264e+21 7.48264e+21 7.48264e+21 7.48264e+21 7.48264e+21 7.48264e+21
7e+07    1e+07    7.48264e+21 7.48264e+21 7.48264e+21 7.48264e+21 7.48264e+21 7.48264e+21 7.48264e+21 7.48264e+21 7.48264e+21 7.48264e+21 7.48264e+21 7.48264e+21 7.48264e+21 7.48264e+21 7.48264e+21 7.48264e+21 7.48264e+21 7.48264e+21 7.48264e+21 7.48264e+21 7.48264e+21 7.48264e+21 7.48264e+21 7.48264e+21 7.48264e+21 7.48264e+21 7.48264e+21 7.48264e+21 7.48264e+21 7.48264e+21 7.48264e+21 7.48264e+21 7.48264e+21 7.48264e+21 7.48264e+21 7.48264e+21 7.48264e+21 7.48264e+21 7.48264e+21 7.48264e+21 7.48264e+21
8e+07    1e+07    7.48264e+21 7.48264e+21 7.48264e+21 7.48264e+21 7.48264e+21 7.48264e+21 7.48264e+21 7.48264e+21 7.48264e+21 7.48264e+21 7.48264e+21 7.48264e+21 7.48264e+21 7.48264e+21 7.48264e+21 7.48264e+21 7.48264e+21 7.48264e+21 7.48264e+21 7.48264e+21 7.48264e+21 7.48264e+21 7.48264e+21 7.48264e+21 7.48264e+21 7.48264e+21 7.48264e+21 7.48264e+21 7.48264e+21 7.48264e+21 7.48264e+21 7.48264e+21 7.48264e+21 7.48264e+21 7.48264e+21 7.48264e+21 7.48264e+21 7.48264e+21 7.48264e+21 7.48264e+21 7.48264e+21
9e+07    1e+07    7.48264e+21 7.48264e+21 7.48264e+21 7.48264e+21 7.48264e+21 7.48264e+21 7.48264e+21 7.48264e+21 7.48264e+21 7.48264e+21 7.48264e+21 7.48264e+21 7.48264e+21 7.48264e+21 7.48264e+21 7.48264e+21 7.48264e+21 7.48264e+21 7.48264e+21 7.48264e+21 7.48264e+21 7.48264e+21 7.48264e+21 7.48264e+21 7.48264e+21 7.48264e+21 7.48264e+21 7.48264e+21 7.48264e+21 7.48264e+21 7.48264e+21 7.48264e+21 7.48264e+21 7.48264e+21 7.48264e+21 7.48264e+21 7.48264e+21 7.48264e+21 7.48264e+21 7.48264e+21 7.48264e+21
1e+08    1e+07    7.48264e+21 7.48264e+21 7.48264e+21 7.48264e+21 7.48264e+21 7.48264e+21 7.48264e+21 7.48264e+21 7.48264e+21 7.48264e+21 7.48264e+21 7.48264e+21 7.48264e+21 7.48264e+21 7.48264e+21 7.48264e+21 7.48264e+21 7.48264e+21 7.48264e+21 7.48264e+21 7.48264e+21 7.48264e+21 7.48264e+21 7.48264e+21 7.48264e+21 7.48264e+21 7.48264e+21 7.48264e+21 7.48264e+21 7.48264e+21 7.48264e+21 7.48264e+21 7.48264e+21 7.48264e+21 7.48264e+21 7.48264e+21 7.48264e+21 7.48264e+21 7.48264e+21 7.48264e+21 7.48264e+21
1e+07    1e+07    7.48264e+21 7.48264e+21 7.48264e+21 7.48264e+21 7.48264e+21 7.48264e+21 7.48264e+21 7.48264e+21 7.48264e+21 7.48264e+21 7.48264e+21 7.48264e+21 7.48264e+21 7.48264e+21 7.48264e+21 7.48264e+21 7.48264e+21 7.48264e+21 7.48264e+21 7.48264e+21 7.48264e+21 7.48264e+21 7.48264e+21 7.48264e+21 7.48264e+21 7.48264e+21 7.48264e+21 7.48264e+21 7.48264e+21 7.48264e+21 7.48264e+21 7.48264e+21 7.48264e+21 7.48264e+21 7.48264e+21 7.48264e+21 7.48264e+21 7.48264e+21 7.48264e+21 7.48264e+21 7.48264e+21
2e+07    1e+07    7.48264e+21 7.48264e+21 7.48264e+21 7.48264e+21 7.48264e+21 7.48264e+21 7.48264e+21 7.48264e+21 7.48264e+21 7.48264e+21 7.48264e+21 7.48264e+21 7.48264e+21 7.48264e+21 7.48264e+21 7.48264e+21 7.48264e+21 7.48264e+21 7.48264e+21 7.48264e+21 7.48264e+21 7.48264e+21 7.48264e+21 7.48264e+21 7.48264e+21 7.48264e+21 7.48264e+21 7.48264e+21 7.48264e+21 7.48264e+21 7.48264e+21 7.48264e+21 7.48264e+21 7.48264e+21 7.48264e+21 7.48264e+21 7.48264e+21 7.48264e+21 7.48264e+21 7.48264e+21 7.48264e+21
3e+07    1e+07    7.48264e+21 7.48264e+21 7.48264e+21 7.48264e+21 7.48264e+21 7.48264e+21 7.48264e+21 7.48264e+21 7.48264e+21 7.48264e+21 7.48264e+21 7.48264e+21 7.48264e+21 7.48264e+21 7.48264e+21 7.48264e+21 7.48264e+21 7.48264e+21 7.48264e+21 7.48264e+21 7.48264e+21 7.48264e+21 7.48264e+21 7.48264e+21 7.48264e+21 7.48264e+21 7.48264e+21 7.48264e+21 7.48264e+21 7.48264e+21 7.48264e+21 7.48264e+21 7.48264e+21 7.48264e+21 7.48264e+21 7.48264e+21 7.48264e+21 7.48264e+21 7.48264e+21 7.48264e+21 7.48264e+21
4e+07    1e+07    7.48264e+21 7.48264e+21 7.48264e+21 7.48264e+21 7.48264e+21 7.48264e+21 7.48264e+21 7.48264e+21 7.48264e+21 7.48264e+21 7.48264e+21 7.48264e+21 7.48264e+21 7.48264e+21 7.48264e+21 7.48264e+21 7.48264e+21 7.48264e+21 7.48264e+21 7.48264e+21 7.48264e+21 7.48264e+21 7.48264e+21 7.48264e+21 7.48264e+21 7.48264e+21 7.48264e+21 7.48264e+21 7.48264e+21 7.48264e+21 7.48264e+21 7.48264e+21 7.48264e+21 7.48264e+21 7.48264e+21 7.48264e+21 7.48264e+21 7.48264e+21 7.48264e+21 7.48264e+21 7.48264e+21
5e+07    1e+07    7.48264e+21 7.48264e+21 7.48264e+21 7.48264e+21 7.48264e+21 7.48264e+21 7.48264e+21 7.48264e+21 7.48264e+21 7.48264e+21 7.48264e+21 7.48264e+21 7.48264e+21 7.48264e+21 7.48264e+21 7.48264e+21 7.48264e+21 7.48264e+21 7.48264e+21 7.48264e+21 7.48264e+21 7.48264e+21 7.48264e+21 7.48264e+21 7.48264e+21 7.48264e+21 7.48264e+21 7.48264e+21 7.48264e+21 7.48264e+21 7.48264e+21 7.48264e+21 7.48264e+21 7.48264e+21 7.48264e+21 7.48264e+21 7.48264e+21 7.48264e+21 7.48264e+21 7.48264e+21 7.48264e+21
6e+07    1e+07    7.48264e+21 7.48264e+21 7.48264e+21 7.48264e+21 7.48264e+21 7.48264e+21 7.48264e+21 7.48264e+21 7.48264e+21 7.48264e+21 7.48264e+21 7.48264e+21 7.48264e+21 7.48264e+21 7.48264e+21 7.48264e+21 7.48264e+21 7.48264e+21 7.48264e+21 7.48264e+21 7.48264e+21 7.48264e+21 7.48264e+21 7.48264e+21 7.48264e+21 7.48264e+21 7.48264e+21 7.48264e+21 7.48264e+21 7.48264e+21 7.48264e+21 7.48264e+21 7.48264e+21 7.48264e+21 7.48264e+21 7.48264e+21 7.48264e+21 7.48264e+21 7.48264e+21 7.48264e+21 7.48264e+21
7e+07    1e+07    7.48264e+21 7.48264e+21 7.48264e+21 7.48264e+21 7.48264e+21 7.48264e+21 7.48264e+21 7.48264e+21 7.48264e+21 7.48264e+21 7.48264e+21 7.48264e+21 7.48264e+21 7.48264e+21 7.48264e+21 7.48264e+21 7.48264e+21 7.48264e+21 7.48264e+21 7.48264e+21 7.48264e+21 7.48264e+21 7.48264e+21 7.48264e+21 7.48264e+21 7.48264e+21 7.48264e+21 7.48264e+21 7.48264e+21 7.48264e+21 7.48264e+21 7.48264e+21 7.48264e+21 7.48264e+21 7.48264e+21 7.48264e+21 7.48264e+21 7.48264e+21 7.48264e+21 7.48264e+21 7.48264e+21
8e+07    1e+07    7.48264e+21 7.48264e+21 7.48264e+21 7.48264e+21 7.48264e+21 7.48264e+21 7.48264e+21 7.48264e+21 7.48264e+21 7.48264e+21 7.48264e+21 7.48264e+21 7.48264e+21 7.48264e+21 7.48264e+21 7.48264e+21 7.48264e+21 7.48264e+21 7.48264e+21 7.48264e+21 7.48264e+21 7.48264e+21 7.48264e+21 7.48264e+21 7.48264e+21 7.48264e+21 7.48264e+21 7.48264e+21 7.48264e+21 7.48264e+21 7.48264e+21 7.48264e+21 7.48264e+21 7.48264e+21 7.48264e+21 7.48264e+21 7.48264e+21 7.48264e+21 7.48264e+21 7.48264e+21 7.48264e+21
9e+07    1e+07    7.48264e+21 7.48264e+21 7.48264e+21 7.48264e+21 7.48264e+21 7.48264e+21 7.48264e+21 7.48264e+21 7.48264e+21 7.48264e+21 7.48264e+21 7.48264e+21 7.48264e+21 7.48264e+21 7.48264e+21 7.48264e+21 7.48264e+21 7.48264e+21 7.48264e+21 7.48264e+21 7.48264e+21 7.48264e+21 7.48264e+21 7.48264e+21 7.48264e+21 7.48264e+21 7.48264e+21 7.48264e+21 7.48264e+21 7.48264e+21 7.48264e+21 7.48264e+21 7.48264e+21 7.48264e+21 7.48264e+21 7.48264e+21 7.48264e+21 7.48264e+21 7.48264e+21 7.48264e+21 7.48264e+21
1e+08    1e+07    7.48264e+21 7.48264e+21 7.48264e+21 7.48264e+21 7.48264e+21 7.48264e+21 7.48264e+21 7.48264e+21 7.48264e+21 7.48264e+21 7.48264e+21 7.48264e+21 7.48264e+21 7.48264e+21 7.48264e+21 7.48264e+21 7.48264e+21 7.48264e+21 7.48264e+21 7.48264e+21 7.48264e+21 7.48264e+21 7.48264e+21 7.48264e+21 7.48264e+21 7.48264e+21 7.48264e+21 7.48264e+21 7.48264e+21 7.48264e+21 7.48264e+21 7.48264e+21 7.48264e+21 7.48264e+21 7.48264e+21 7.48264e+21 7.48264e+21 7.48264e+21 7.48264e+21 7.48264e+21 7.48264e+21
4.5833    4.5833    7.48264e+21 7.48264e+21 7.48264e+21 7.48264e+21 7.48264e+21 7.48264e+21 7.48264e+21 7.48264e+21 7.48264e+21 7.48264e+21 7.48264e+21 7.48264e+21 7.48264e+21 7.48264e+21 7.48264e+21 7.48264e+21 7.48264e+21 7.48264e+21 7.48264e+21 7.48264e+21 7.48264e+21 7.48264e+21 7.48264e+21 7.48264e+21 7.48264e+21 7.48264e+21 7.48264e+21 7.48264e+21 7.48264e+21 7.48264e+21 7.48264e+21 7.48264e+21 7.48264e+21 7.48264e+21 7.48264e+21 7.48264e+21 7.48264e+21 7.48264e+21 7.48264e+21 7.48264e+21 7.48264e+21
9.1666    4.5833    7.48264e+21 7.48264e+21 7.48264e+21 7.48264e+21 7.48264e+21 7.48264e+21 7.48264e+21 7.48264e+21 7.48264e+21 7.48264e+21 7.48264e+21 7.48264e+21 7.48264e+21 7.48264e+21 7.48264e+21 7.48264e+21 7.48264e+21 7.48264e+21 7.48264e+21 7.48264e+21 7.48264e+21 7.48264e+21 7.48264e+21 7.48264e+21 7.48264e+21 7.48264e+21 7.48264e+21 7.48264e+21 7.48264e+21 7.48264e+21 7.48264e+21 7.48264e+21 7.48264e+21 7.48264e+21 7.48264e+21 7.48264e+21 7.48264e+21 7.48264e+21 7.48264e+21 7.48264e+21 7.48264e+21
14.6666    5.49996    7.48264e+21 7.48264e+21 7.48264e+21 7.48264e+21 7.48264e+21 7.48264e+21 7.48264e+21 7.48264e+21 7.48264e+21 7.48264e+21 7.48264e+21 7.48264e+21 7.48264e+21 7.48264e+21 7.48264e+21 7.48264e+21 7.48264e+21 7.48264e+21 7.48264e+21 7.48264e+21 7.48264e+21 7.48264e+21 7.48264e+21 7.48264e+21 7.48264e+21 7.48264e+21 7.48264e+21 7.48264e+21 7.48264e+21 7.48264e+21 7.48264e+21 7.48264e+21 7.48264e+21 7.48264e+21 7.48264e+21 7.48264e+21 7.48264e+21 7.48264e+21 7.48264e+21 7.48264e+21 7.48264e+21
21.2665    6.59995    7.48264e+21 7.48264e+21 7.48264e+21 7.48264e+21 7.48264e+21 7.48264e+21 7.48264e+21 7.48264e+21 7.48264e+21 7.48264e+21 7.48264e+21 7.48264e+21 7.48264e+21 7.48264e+21 7.48264e+21 7.48264e+21 7.48264e+21 7.48264e+21 7.48264e+21 7.48264e+21 7.48264e+21 7.48264e+21 7.48264e+21 7.48264e+21 7.48264e+21 7.48264e+21 7.48264e+21 7.48264e+21 7.48264e+21 7.48264e+21 7.48264e+21 7.48264e+21 7.48264e+21 7.48264e+21 7.48264e+21 7.48264e+21 7.48264e+21 7.48264e+21 7.48264e+21 7.48264e+21 7.48264e+21
29.1864    7.91994    7.48264e+21 7.48264e+21 7.48264e+21 7.48264e+21 7.48264e+21 7.48264e+21 7.48264e+21 7.48264e+21 7.48264e+21 7.48264e+21 7.48264e+21 7.48264e+21 7.48264e+21 7.48264e+21 7.48264e+21 7.48264e+21 7.48264e+21 7.48264e+21 7.48264e+21 7.48264e+21 7.48264e+21 7.48264e+21 7.48264e+21 7.48264e+21 7.48264e+21 7.48264e+21 7.48264e+21 7.48264e+21 7.48264e+21 7.48264e+21 7.48264e+21 7.48264e+21 7.48264e+21 7.48264e+21 7.48264e+21 7.48264e+21 7.48264e+21 7.48264e+21 7.48264e+21 7.48264e+21 7.48264e+21
38.6904    9.50393    7.48264e+21 7.48264e+21 7.48264e+21 7.48264e+21 7.48264e+21 7.48264e+21 7.48264e+21 7.48264e+21 7.48264e+21 7.48264e+21 7.48264e+21 7.48264e+21 7.48264e+21 7.48264e+21 7.48264e+21 7.48264e+21 7.48264e+21 7.48264e+21 7.48264e+21 7.48264e+21 7.48264e+21 7.48264e+21 7.48264e+21 7.48264e+21 7.48264e+21 7.48264e+21 7.48264e+21 7.48264e+21 7.48264e+21 7.48264e+21 7.48264e+21 7.48264e+21 7.48264e+21 7.48264e+21 7.48264e+21 7.48264e+21 7.48264e+21 7.48264e+21 7.48264e+21 7.48264e+21 7.48264e+21
50.0951    11.4047    7.48264e+21 7.48264e+21 7.48264e+21 7.48264e+21 7.48264e+21 7.48264e+21 7.48264e+21 7.48264e+21 7.48264e+21 7.48264e+21 7.48264e+21 7.48264e+21 7.48264e+21 7.48264e+21 7.48264e+21 7.48264e+21 7.48264e+21 7.48264e+21 7.48264e+21 7.48264e+21 7.48264e+21 7.48264e+21 7.48264e+21 7.48264e+21 7.48264e+21 7.48264e+21 7.48264e+21 7.48264e+21 7.48264e+21 7.48264e+21 7.48264e+21 7.48264e+21 7.48264e+21 7.48264e+21 7.48264e+21 7.48264e+21 7.48264e+21 7.48264e+21 7.48264e+21 7.48264e+21 7.48264e+21
63.7807    13.6857    7.48264e+21 7.48264e+21 7.48264e+21 7.48264e+21 7.48264e+21 7.48264e+21 7.48264e+21 7.48264e+21 7.48264e+21 7.48264e+21 7.48264e+21 7.48264e+21 7.48264e+21 7.48264e+21 7.48264e+21 7.48264e+21 7.48264e+21 7.48264e+21 7.48264e+21 7.48264e+21 7.48264e+21 7.48264e+21 7.48264e+21 7.48264e+21 7.48264e+21 7.48264e+21 7.48264e+21 7.48264e+21 7.48264e+21 7.48264e+21 7.48264e+21 7.48264e+21 7.48264e+21 7.48264e+21 7.48264e+21 7.48264e+21 7.48264e+21 7.48264e+21 7.48264e+21 7.48264e+21 7.48264e+21
63.7808    0.0001    1.58405e+14 1.67549e+14 1.77288e+14 1.33528e+14 1.35604e+14 1.31828e+14 1.77956e+14 1.22293e+13 3.55191e+12 3.57431e+12 3.46579e+12 3.77818e+12 7.48264e+21 7.48264e+21 3.48856e+12 3.59461e+12 3.55017e+12 3.57772e+12 3.14149e+12 3.55815e+12 7.48264e+21  4.5306e+12  2.9894e+12 3.54857e+12 3.55266e+12 3.48657e+12 3.38465e+12 3.55131e+12 3.59447e+12 3.49109e+12 3.39034e+12 3.62867e+12 4.04117e+12  3.9467e+12 3.98109e+12 9.97755e+12 2.31282e+13 1.32581e+14  1.3121e+14 1.30786e+14 1.30716e+14
63.7809    0.0001    6.35991e+14 6.72847e+14 7.12128e+14 1.07496e+15 1.09178e+15  1.0612e+15 1.43564e+15 9.85328e+13  5.2388e+14 5.28088e+14 2.37276e+14 1.32017e+15 5.40432e+21 3.86023e+21 5.13794e+14 5.31087e+14 2.43481e+14  5.2859e+14 5.10189e+13 2.44028e+14  6.7554e+21 3.16891e+14 4.85137e+13 1.17479e+14 2.43652e+14 1.15358e+14 1.11875e+14 2.43559e+14 5.31057e+14 5.14231e+14 1.12069e+14 1.26791e+15  4.4082e+15 4.31156e+15 4.35036e+15 3.48207e+15 1.58138e+15 1.06727e+15 5.26468e+14 5.24761e+14 5.24478e+14
5.26293    5.26293    7.48264e+21 7.48264e+21 7.48264e+21 7.48264e+21 7.48264e+21 7.48264e+21 7.48264e+21 7.48264e+21 7.48264e+21 7.48264e+21 7.48264e+21 7.48264e+21 7.48264e+21 7.48264e+21 7.48264e+21 7.48264e+21 7.48264e+21 7.48264e+21 7.48264e+21 7.48264e+21 7.48264e+21 7.48264e+21 7.48264e+21 7.48264e+21 7.48264e+21 7.48264e+21 7.48264e+21 7.48264e+21 7.48264e+21 7.48264e+21 7.48264e+21 7.48264e+21 7.48264e+21 7.48264e+21 7.48264e+21 7.48264e+21 7.48264e+21 7.48264e+21 7.48264e+21 7.48264e+21 7.48264e+21
10.5259    5.26293    7.48264e+21 7.48264e+21 7.48264e+21 7.48264e+21 7.48264e+21 7.48264e+21 7.48264e+21 7.48264e+21 7.48264e+21 7.48264e+21 7.48264e+21 7.48264e+21 7.48264e+21 7.48264e+21 7.48264e+21 7.48264e+21 7.48264e+21 7.48264e+21 7.48264e+21 7.48264e+21 7.48264e+21 7.48264e+21 7.48264e+21 7.48264e+21 7.48264e+21 7.48264e+21 7.48264e+21 7.48264e+21 7.48264e+21 7.48264e+21 7.48264e+21 7.48264e+21 7.48264e+21 7.48264e+21 7.48264e+21 7.48264e+21 7.48264e+21 7.48264e+21 7.48264e+21 7.48264e+21 7.48264e+21
16.8414    6.31552    7.48264e+21 7.48264e+21 7.48264e+21 7.48264e+21 7.48264e+21 7.48264e+21 7.48264e+21 7.48264e+21 7.48264e+21 7.48264e+21 7.48264e+21 7.48264e+21 7.48264e+21 7.48264e+21 7.48264e+21 7.48264e+21 7.48264e+21 7.48264e+21 7.48264e+21 7.48264e+21 7.48264e+21 7.48264e+21 7.48264e+21 7.48264e+21 7.48264e+21 7.48264e+21 7.48264e+21 7.48264e+21 7.48264e+21 7.48264e+21 7.48264e+21 7.48264e+21 7.48264e+21 7.48264e+21 7.48264e+21 7.48264e+21 7.48264e+21 7.48264e+21 7.48264e+21 7.48264e+21 7.48264e+21
24.42    7.57862    7.48264e+21 7.48264e+21 7.48264e+21 7.48264e+21 7.48264e+21 7.48264e+21 7.48264e+21 7.48264e+21 7.48264e+21 7.48264e+21 7.48264e+21 7.48264e+21 7.48264e+21 7.48264e+21 7.48264e+21 7.48264e+21 7.48264e+21 7.48264e+21 7.48264e+21 7.48264e+21 7.48264e+21 7.48264e+21 7.48264e+21 7.48264e+21 7.48264e+21 7.48264e+21 7.48264e+21 7.48264e+21 7.48264e+21 7.48264e+21 7.48264e+21 7.48264e+21 7.48264e+21 7.48264e+21 7.48264e+21 7.48264e+21 7.48264e+21 7.48264e+21 7.48264e+21 7.48264e+21 7.48264e+21
33.5144    9.09435    7.48264e+21 7.48264e+21 7.48264e+21 7.48264e+21 7.48264e+21 7.48264e+21 7.48264e+21 7.48264e+21 7.48264e+21 7.48264e+21 7.48264e+21 7.48264e+21 7.48264e+21 7.48264e+21 7.48264e+21 7.48264e+21 7.48264e+21 7.48264e+21 7.48264e+21 7.48264e+21 7.48264e+21 7.48264e+21 7.48264e+21 7.48264e+21 7.48264e+21 7.48264e+21 7.48264e+21 7.48264e+21 7.48264e+21 7.48264e+21 7.48264e+21 7.48264e+21 7.48264e+21 7.48264e+21 7.48264e+21 7.48264e+21 7.48264e+21 7.48264e+21 7.48264e+21 7.48264e+21 7.48264e+21
44.4276    10.9132    7.48264e+21 7.48264e+21 7.48264e+21 7.48264e+21 7.48264e+21 7.48264e+21 7.48264e+21 7.48264e+21 7.48264e+21 7.48264e+21 7.48264e+21 7.48264e+21 7.48264e+21 7.48264e+21 7.48264e+21 7.48264e+21 7.48264e+21 7.48264e+21 7.48264e+21 7.48264e+21 7.48264e+21 7.48264e+21 7.48264e+21 7.48264e+21 7.48264e+21 7.48264e+21 7.48264e+21 7.48264e+21 7.48264e+21 7.48264e+21 7.48264e+21 7.48264e+21 7.48264e+21 7.48264e+21 7.48264e+21 7.48264e+21 7.48264e+21 7.48264e+21 7.48264e+21 7.48264e+21 7.48264e+21
57.5234    13.0959    7.48264e+21 7.48264e+21 7.48264e+21 7.48264e+21 7.48264e+21 7.48264e+21 7.48264e+21 7.48264e+21 7.48264e+21 7.48264e+21 7.48264e+21 7.48264e+21 7.48264e+21 7.48264e+21 7.48264e+21 7.48264e+21 7.48264e+21 7.48264e+21 7.48264e+21 7.48264e+21 7.48264e+21 7.48264e+21 7.48264e+21 7.48264e+21 7.48264e+21 7.48264e+21 7.48264e+21 7.48264e+21 7.48264e+21 7.48264e+21 7.48264e+21 7.48264e+21 7.48264e+21 7.48264e+21 7.48264e+21 7.48264e+21 7.48264e+21 7.48264e+21 7.48264e+21 7.48264e+21 7.48264e+21
57.5238    0.000311492    4.06874e+14 3.91146e+14 4.50211e+14 2.80516e+14 3.46887e+14 2.76473e+14 4.50805e+14 2.15532e+13 8.97486e+12  9.0091e+12 8.63661e+12 9.03992e+12 7.48264e+21 9.20639e+12 8.95075e+12 9.00692e+12 7.48264e+21 9.00955e+12 7.92067e+12 9.00357e+12 7.48264e+21 8.55578e+12 8.38565e+12 9.01311e+12 9.01642e+12 8.92376e+12 8.62137e+12 9.02546e+12 9.03946e+12 8.84808e+12 8.69944e+12 9.22871e+12 9.23118e+12  9.0442e+12 9.46517e+12 2.35698e+13 5.55285e+13 3.53632e+14 2.65797e+14 2.65106e+14 2.64371e+14
57.5241    0.000311492    1.64325e+15 1.57913e+15 1.82015e+15 1.12952e+15 2.82113e+15 2.24095e+15 1.82255e+15 1.74608e+14 1.72922e+15 3.15017e+14 3.00842e+14  1.7515e+15 6.01214e+21 1.80192e+15 1.72243e+15 3.14941e+14 7.48264e+21 6.94443e+14 6.45702e+13 7.35894e+13 7.48264e+21 3.45715e+13 2.91355e+14 6.94718e+14 6.94973e+14  1.7146e+15 3.00267e+14 6.95671e+14 1.75141e+15 6.79323e+14 6.65756e+14 7.35244e+15 7.22845e+15 7.08757e+15 7.48264e+21  1.8468e+16  1.9257e+15 2.87687e+15 1.06989e+15 1.06708e+15 1.06411e+15
57.5244    0.00037379    6.83768e+15 6.56047e+15 7.60672e+15 4.64151e+15 1.20865e+16 9.46285e+15 7.61675e+15 7.35675e+14 7.21457e+21  2.0027e+15 1.86327e+15 7.21457e+21 7.48264e+21 7.21457e+21 7.48264e+21 2.00221e+15 7.48264e+21 1.52129e+16 2.79541e+14 3.22293e+14 7.48264e+21 1.44156e+14 1.77398e+15  1.5219e+16 1.52247e+16 7.21457e+21 1.85789e+15 1.52401e+16 7.48264e+21 1.34862e+16 1.22737e+16 7.48264e+21 7.48264e+21  6.7336e+21 7.48264e+21 7.48264e+21  1.1582e+16 1.23419e+16 4.39015e+15 4.37834e+15 4.36589e+15
4.5833    4.5833    7.48264e+21 7.48264e+21 7.48264e+21 7.48264e+21 7.48264e+21 7.48264e+21 7.48264e+21 7.48264e+21 7.48264e+21 7.48264e+21 7.48264e+21 7.48264e+21 7.48264e+21 7.48264e+21 7.48264e+21 7.48264e+21 7.48264e+21 7.48264e+21 7.48264e+21 7.48264e+21 7.48264e+21 7.48264e+21 7.48264e+21 7.48264e+21 7.48264e+21 7.48264e+21 7.48264e+21 7.48264e+21 7.48264e+21 7.48264e+21 7.48264e+21 7.48264e+21 7.48264e+21 7.48264e+21 7.48264e+21 7.48264e+21 7.48264e+21 7.48264e+21 7.48264e+21 7.48264e+21 7.48264e+21
9.1666    4.5833    7.48264e+21 7.48264e+21 7.48264e+21 7.48264e+21 7.48264e+21 7.48264e+21 7.48264e+21 7.48264e+21 7.48264e+21 7.48264e+21 7.48264e+21 7.48264e+21 7.48264e+21 7.48264e+21 7.48264e+21 7.48264e+21 7.48264e+21 7.48264e+21 7.48264e+21 7.48264e+21 7.48264e+21 7.48264e+21 7.48264e+21 7.48264e+21 7.48264e+21 7.48264e+21 7.48264e+21 7.48264e+21 7.48264e+21 7.48264e+21 7.48264e+21 7.48264e+21 7.48264e+21 7.48264e+21 7.48264e+21 7.48264e+21 7.48264e+21 7.48264e+21 7.48264e+21 7.48264e+21 7.48264e+21
14.6666    5.49996    7.48264e+21 7.48264e+21 7.48264e+21 7.48264e+21 7.48264e+21 7.48264e+21 7.48264e+21 7.48264e+21 7.48264e+21 7.48264e+21 7.48264e+21 7.48264e+21 7.48264e+21 7.48264e+21 7.48264e+21 7.48264e+21 7.48264e+21 7.48264e+21 7.48264e+21 7.48264e+21 7.48264e+21 7.48264e+21 7.48264e+21 7.48264e+21 7.48264e+21 7.48264e+21 7.48264e+21 7.48264e+21 7.48264e+21 7.48264e+21 7.48264e+21 7.48264e+21 7.48264e+21 7.48264e+21 7.48264e+21 7.48264e+21 7.48264e+21 7.48264e+21 7.48264e+21 7.48264e+21 7.48264e+21
21.2665    6.59995    7.48264e+21 7.48264e+21 7.48264e+21 7.48264e+21 7.48264e+21 7.48264e+21 7.48264e+21 7.48264e+21 7.48264e+21 7.48264e+21 7.48264e+21 7.48264e+21 7.48264e+21 7.48264e+21 7.48264e+21 7.48264e+21 7.48264e+21 7.48264e+21 7.48264e+21 7.48264e+21 7.48264e+21 7.48264e+21 7.48264e+21 7.48264e+21 7.48264e+21 7.48264e+21 7.48264e+21 7.48264e+21 7.48264e+21 7.48264e+21 7.48264e+21 7.48264e+21 7.48264e+21 7.48264e+21 7.48264e+21 7.48264e+21 7.48264e+21 7.48264e+21 7.48264e+21 7.48264e+21 7.48264e+21
29.1864    7.91994    7.48264e+21 7.48264e+21 7.48264e+21 7.48264e+21 7.48264e+21 7.48264e+21 7.48264e+21 7.48264e+21 7.48264e+21 7.48264e+21 7.48264e+21 7.48264e+21 7.48264e+21 7.48264e+21 7.48264e+21 7.48264e+21 7.48264e+21 7.48264e+21 7.48264e+21 7.48264e+21 7.48264e+21 7.48264e+21 7.48264e+21 7.48264e+21 7.48264e+21 7.48264e+21 7.48264e+21 7.48264e+21 7.48264e+21 7.48264e+21 7.48264e+21 7.48264e+21 7.48264e+21 7.48264e+21 7.48264e+21 7.48264e+21 7.48264e+21 7.48264e+21 7.48264e+21 7.48264e+21 7.48264e+21
38.6904    9.50393    7.48264e+21 7.48264e+21 7.48264e+21 7.48264e+21 7.48264e+21 7.48264e+21 7.48264e+21 7.48264e+21 7.48264e+21 7.48264e+21 7.48264e+21 7.48264e+21 7.48264e+21 7.48264e+21 7.48264e+21 7.48264e+21 7.48264e+21 7.48264e+21 7.48264e+21 7.48264e+21 7.48264e+21 7.48264e+21 7.48264e+21 7.48264e+21 7.48264e+21 7.48264e+21 7.48264e+21 7.48264e+21 7.48264e+21 7.48264e+21 7.48264e+21 7.48264e+21 7.48264e+21 7.48264e+21 7.48264e+21 7.48264e+21 7.48264e+21 7.48264e+21 7.48264e+21 7.48264e+21 7.48264e+21
50.0951    11.4047    7.48264e+21 7.48264e+21 7.48264e+21 7.48264e+21 7.48264e+21 7.48264e+21 7.48264e+21 7.48264e+21 7.48264e+21 7.48264e+21 7.48264e+21 7.48264e+21 7.48264e+21 7.48264e+21 7.48264e+21 7.48264e+21 7.48264e+21 7.48264e+21 7.48264e+21 7.48264e+21 7.48264e+21 7.48264e+21 7.48264e+21 7.48264e+21 7.48264e+21 7.48264e+21 7.48264e+21 7.48264e+21 7.48264e+21 7.48264e+21 7.48264e+21 7.48264e+21 7.48264e+21 7.48264e+21 7.48264e+21 7.48264e+21 7.48264e+21 7.48264e+21 7.48264e+21 7.48264e+21 7.48264e+21
63.7807    13.6857    7.48264e+21 7.48264e+21 7.48264e+21 7.48264e+21 7.48264e+21 7.48264e+21 7.48264e+21 7.48264e+21 7.48264e+21 7.48264e+21 7.48264e+21 7.48264e+21 7.48264e+21 7.48264e+21 7.48264e+21 7.48264e+21 7.48264e+21 7.48264e+21 7.48264e+21 7.48264e+21 7.48264e+21 7.48264e+21 7.48264e+21 7.48264e+21 7.48264e+21 7.48264e+21 7.48264e+21 7.48264e+21 7.48264e+21 7.48264e+21 7.48264e+21 7.48264e+21 7.48264e+21 7.48264e+21 7.48264e+21 7.48264e+21 7.48264e+21 7.48264e+21 7.48264e+21 7.48264e+21 7.48264e+21
63.7808    0.0001    1.58405e+14 1.67549e+14 1.77288e+14 1.33528e+14 1.35604e+14 1.31828e+14 1.77956e+14 1.22293e+13 3.55191e+12 3.57431e+12 3.46579e+12 3.77818e+12 7.48264e+21 7.48264e+21 3.48856e+12 3.59461e+12 3.55017e+12 3.57772e+12 3.14149e+12 3.55815e+12 7.48264e+21  4.5306e+12  2.9894e+12 3.54857e+12 3.55266e+12 3.48657e+12 3.38465e+12 3.55131e+12 3.59447e+12 3.49109e+12 3.39034e+12 3.62867e+12 4.04117e+12  3.9467e+12 3.98109e+12 9.97755e+12 2.31282e+13 1.32581e+14  1.3121e+14 1.30786e+14 1.30716e+14
63.7809    0.0001    6.35991e+14 6.72847e+14 7.12128e+14 1.07496e+15 1.09178e+15  1.0612e+15 1.43564e+15 9.85328e+13  5.2388e+14 5.28088e+14 2.37276e+14 1.32017e+15 5.40432e+21 3.86023e+21 5.13794e+14 5.31087e+14 2.43481e+14  5.2859e+14 5.10189e+13 2.44028e+14  6.7554e+21 3.16891e+14 4.85137e+13 1.17479e+14 2.43652e+14 1.15358e+14 1.11875e+14 2.43559e+14 5.31057e+14 5.14231e+14 1.12069e+14 1.26791e+15  4.4082e+15 4.31156e+15 4.35036e+15 3.48207e+15 1.58138e+15 1.06727e+15 5.26468e+14 5.24761e+14 5.24478e+14
4.5833    4.5833    7.48264e+21 7.48264e+21 7.48264e+21 7.48264e+21 7.48264e+21 7.48264e+21 7.48264e+21 7.48264e+21 7.48264e+21 7.48264e+21 7.48264e+21 7.48264e+21 7.48264e+21 7.48264e+21 7.48264e+21 7.48264e+21 7.48264e+21 7.48264e+21 7.48264e+21 7.48264e+21 7.48264e+21 7.48264e+21 7.48264e+21 7.48264e+21 7.48264e+21 7.48264e+21 7.48264e+21 7.48264e+21 7.48264e+21 7.48264e+21 7.48264e+21 7.48264e+21 7.48264e+21 7.48264e+21 7.48264e+21 7.48264e+21 7.48264e+21 7.48264e+21 7.48264e+21 7.48264e+21 7.48264e+21
9.1666    4.5833    7.48264e+21 7.48264e+21 7.48264e+21 7.48264e+21 7.48264e+21 7.48264e+21 7.48264e+21 7.48264e+21 7.48264e+21 7.48264e+21 7.48264e+21 7.48264e+21 7.48264e+21 7.48264e+21 7.48264e+21 7.48264e+21 7.48264e+21 7.48264e+21 7.48264e+21 7.48264e+21 7.48264e+21 7.48264e+21 7.48264e+21 7.48264e+21 7.48264e+21 7.48264e+21 7.48264e+21 7.48264e+21 7.48264e+21 7.48264e+21 7.48264e+21 7.48264e+21 7.48264e+21 7.48264e+21 7.48264e+21 7.48264e+21 7.48264e+21 7.48264e+21 7.48264e+21 7.48264e+21 7.48264e+21
14.6666    5.49996    7.48264e+21 7.48264e+21 7.48264e+21 7.48264e+21 7.48264e+21 7.48264e+21 7.48264e+21 7.48264e+21 7.48264e+21 7.48264e+21 7.48264e+21 7.48264e+21 7.48264e+21 7.48264e+21 7.48264e+21 7.48264e+21 7.48264e+21 7.48264e+21 7.48264e+21 7.48264e+21 7.48264e+21 7.48264e+21 7.48264e+21 7.48264e+21 7.48264e+21 7.48264e+21 7.48264e+21 7.48264e+21 7.48264e+21 7.48264e+21 7.48264e+21 7.48264e+21 7.48264e+21 7.48264e+21 7.48264e+21 7.48264e+21 7.48264e+21 7.48264e+21 7.48264e+21 7.48264e+21 7.48264e+21
21.2665    6.59995    7.48264e+21 7.48264e+21 7.48264e+21 7.48264e+21 7.48264e+21 7.48264e+21 7.48264e+21 7.48264e+21 7.48264e+21 7.48264e+21 7.48264e+21 7.48264e+21 7.48264e+21 7.48264e+21 7.48264e+21 7.48264e+21 7.48264e+21 7.48264e+21 7.48264e+21 7.48264e+21 7.48264e+21 7.48264e+21 7.48264e+21 7.48264e+21 7.48264e+21 7.48264e+21 7.48264e+21 7.48264e+21 7.48264e+21 7.48264e+21 7.48264e+21 7.48264e+21 7.48264e+21 7.48264e+21 7.48264e+21 7.48264e+21 7.48264e+21 7.48264e+21 7.48264e+21 7.48264e+21 7.48264e+21
29.1864    7.91994    7.48264e+21 7.48264e+21 7.48264e+21 7.48264e+21 7.48264e+21 7.48264e+21 7.48264e+21 7.48264e+21 7.48264e+21 7.48264e+21 7.48264e+21 7.48264e+21 7.48264e+21 7.48264e+21 7.48264e+21 7.48264e+21 7.48264e+21 7.48264e+21 7.48264e+21 7.48264e+21 7.48264e+21 7.48264e+21 7.48264e+21 7.48264e+21 7.48264e+21 7.48264e+21 7.48264e+21 7.48264e+21 7.48264e+21 7.48264e+21 7.48264e+21 7.48264e+21 7.48264e+21 7.48264e+21 7.48264e+21 7.48264e+21 7.48264e+21 7.48264e+21 7.48264e+21 7.48264e+21 7.48264e+21
38.6904    9.50393    7.48264e+21 7.48264e+21 7.48264e+21 7.48264e+21 7.48264e+21 7.48264e+21 7.48264e+21 7.48264e+21 7.48264e+21 7.48264e+21 7.48264e+21 7.48264e+21 7.48264e+21 7.48264e+21 7.48264e+21 7.48264e+21 7.48264e+21 7.48264e+21 7.48264e+21 7.48264e+21 7.48264e+21 7.48264e+21 7.48264e+21 7.48264e+21 7.48264e+21 7.48264e+21 7.48264e+21 7.48264e+21 7.48264e+21 7.48264e+21 7.48264e+21 7.48264e+21 7.48264e+21 7.48264e+21 7.48264e+21 7.48264e+21 7.48264e+21 7.48264e+21 7.48264e+21 7.48264e+21 7.48264e+21
50.0951    11.4047    7.48264e+21 7.48264e+21 7.48264e+21 7.48264e+21 7.48264e+21 7.48264e+21 7.48264e+21 7.48264e+21 7.48264e+21 7.48264e+21 7.48264e+21 7.48264e+21 7.48264e+21 7.48264e+21 7.48264e+21 7.48264e+21 7.48264e+21 7.48264e+21 7.48264e+21 7.48264e+21 7.48264e+21 7.48264e+21 7.48264e+21 7.48264e+21 7.48264e+21 7.48264e+21 7.48264e+21 7.48264e+21 7.48264e+21 7.48264e+21 7.48264e+21 7.48264e+21 7.48264e+21 7.48264e+21 7.48264e+21 7.48264e+21 7.48264e+21 7.48264e+21 7.48264e+21 7.48264e+21 7.48264e+21
63.7807    13.6857    7.48264e+21 7.48264e+21 7.48264e+21 7.48264e+21 7.48264e+21 7.48264e+21 7.48264e+21 7.48264e+21 7.48264e+21 7.48264e+21 7.48264e+21 7.48264e+21 7.48264e+21 7.48264e+21 7.48264e+21 7.48264e+21 7.48264e+21 7.48264e+21 7.48264e+21 7.48264e+21 7.48264e+21 7.48264e+21 7.48264e+21 7.48264e+21 7.48264e+21 7.48264e+21 7.48264e+21 7.48264e+21 7.48264e+21 7.48264e+21 7.48264e+21 7.48264e+21 7.48264e+21 7.48264e+21 7.48264e+21 7.48264e+21 7.48264e+21 7.48264e+21 7.48264e+21 7.48264e+21 7.48264e+21
63.7808    0.0001    1.58405e+14 1.67549e+14 1.77288e+14 1.33528e+14 1.35604e+14 1.31828e+14 1.77956e+14 1.22293e+13 3.55191e+12 3.57431e+12 3.46579e+12 3.77818e+12 7.48264e+21 7.48264e+21 3.48856e+12 3.59461e+12 3.55017e+12 3.57772e+12 3.14149e+12 3.55815e+12 7.48264e+21  4.5306e+12  2.9894e+12 3.54857e+12 3.55266e+12 3.48657e+12 3.38465e+12 3.55131e+12 3.59447e+12 3.49109e+12 3.39034e+12 3.62867e+12 4.04117e+12  3.9467e+12 3.98109e+12 9.97755e+12 2.31282e+13 1.32581e+14  1.3121e+14 1.30786e+14 1.30716e+14
63.7809    0.0001    6.35991e+14 6.72847e+14 7.12128e+14 1.07496e+15 1.09178e+15  1.0612e+15 1.43564e+15 9.85328e+13  5.2388e+14 5.28088e+14 2.37276e+14 1.32017e+15 5.40432e+21 3.86023e+21 5.13794e+14 5.31087e+14 2.43481e+14  5.2859e+14 5.10189e+13 2.44028e+14  6.7554e+21 3.16891e+14 4.85137e+13 1.17479e+14 2.43652e+14 1.15358e+14 1.11875e+14 2.43559e+14 5.31057e+14 5.14231e+14 1.12069e+14 1.26791e+15  4.4082e+15 4.31156e+15 4.35036e+15 3.48207e+15 1.58138e+15 1.06727e+15 5.26468e+14 5.24761e+14 5.24478e+14
4.5833    4.5833    7.48264e+21 7.48264e+21 7.48264e+21 7.48264e+21 7.48264e+21 7.48264e+21 7.48264e+21 7.48264e+21 7.48264e+21 7.48264e+21 7.48264e+21 7.48264e+21 7.48264e+21 7.48264e+21 7.48264e+21 7.48264e+21 7.48264e+21 7.48264e+21 7.48264e+21 7.48264e+21 7.48264e+21 7.48264e+21 7.48264e+21 7.48264e+21 7.48264e+21 7.48264e+21 7.48264e+21 7.48264e+21 7.48264e+21 7.48264e+21 7.48264e+21 7.48264e+21 7.48264e+21 7.48264e+21 7.48264e+21 7.48264e+21 7.48264e+21 7.48264e+21 7.48264e+21 7.48264e+21 7.48264e+21
9.1666    4.5833    7.48264e+21 7.48264e+21 7.48264e+21 7.48264e+21 7.48264e+21 7.48264e+21 7.48264e+21 7.48264e+21 7.48264e+21 7.48264e+21 7.48264e+21 7.48264e+21 7.48264e+21 7.48264e+21 7.48264e+21 7.48264e+21 7.48264e+21 7.48264e+21 7.48264e+21 7.48264e+21 7.48264e+21 7.48264e+21 7.48264e+21 7.48264e+21 7.48264e+21 7.48264e+21 7.48264e+21 7.48264e+21 7.48264e+21 7.48264e+21 7.48264e+21 7.48264e+21 7.48264e+21 7.48264e+21 7.48264e+21 7.48264e+21 7.48264e+21 7.48264e+21 7.48264e+21 7.48264e+21 7.48264e+21
14.6666    5.49996    7.48264e+21 7.48264e+21 7.48264e+21 7.48264e+21 7.48264e+21 7.48264e+21 7.48264e+21 7.48264e+21 7.48264e+21 7.48264e+21 7.48264e+21 7.48264e+21 7.48264e+21 7.48264e+21 7.48264e+21 7.48264e+21 7.48264e+21 7.48264e+21 7.48264e+21 7.48264e+21 7.48264e+21 7.48264e+21 7.48264e+21 7.48264e+21 7.48264e+21 7.48264e+21 7.48264e+21 7.48264e+21 7.48264e+21 7.48264e+21 7.48264e+21 7.48264e+21 7.48264e+21 7.48264e+21 7.48264e+21 7.48264e+21 7.48264e+21 7.48264e+21 7.48264e+21 7.48264e+21 7.48264e+21
21.2665    6.59995    7.48264e+21 7.48264e+21 7.48264e+21 7.48264e+21 7.48264e+21 7.48264e+21 7.48264e+21 7.48264e+21 7.48264e+21 7.48264e+21 7.48264e+21 7.48264e+21 7.48264e+21 7.48264e+21 7.48264e+21 7.48264e+21 7.48264e+21 7.48264e+21 7.48264e+21 7.48264e+21 7.48264e+21 7.48264e+21 7.48264e+21 7.48264e+21 7.48264e+21 7.48264e+21 7.48264e+21 7.48264e+21 7.48264e+21 7.48264e+21 7.48264e+21 7.48264e+21 7.48264e+21 7.48264e+21 7.48264e+21 7.48264e+21 7.48264e+21 7.48264e+21 7.48264e+21 7.48264e+21 7.48264e+21
29.1864    7.91994    7.48264e+21 7.48264e+21 7.48264e+21 7.48264e+21 7.48264e+21 7.48264e+21 7.48264e+21 7.48264e+21 7.48264e+21 7.48264e+21 7.48264e+21 7.48264e+21 7.48264e+21 7.48264e+21 7.48264e+21 7.48264e+21 7.48264e+21 7.48264e+21 7.48264e+21 7.48264e+21 7.48264e+21 7.48264e+21 7.48264e+21 7.48264e+21 7.48264e+21 7.48264e+21 7.48264e+21 7.48264e+21 7.48264e+21 7.48264e+21 7.48264e+21 7.48264e+21 7.48264e+21 7.48264e+21 7.48264e+21 7.48264e+21 7.48264e+21 7.48264e+21 7.48264e+21 7.48264e+21 7.48264e+21
38.6904    9.50393    7.48264e+21 7.48264e+21 7.48264e+21 7.48264e+21 7.48264e+21 7.48264e+21 7.48264e+21 7.48264e+21 7.48264e+21 7.48264e+21 7.48264e+21 7.48264e+21 7.48264e+21 7.48264e+21 7.48264e+21 7.48264e+21 7.48264e+21 7.48264e+21 7.48264e+21 7.48264e+21 7.48264e+21 7.48264e+21 7.48264e+21 7.48264e+21 7.48264e+21 7.48264e+21 7.48264e+21 7.48264e+21 7.48264e+21 7.48264e+21 7.48264e+21 7.48264e+21 7.48264e+21 7.48264e+21 7.48264e+21 7.48264e+21 7.48264e+21 7.48264e+21 7.48264e+21 7.48264e+21 7.48264e+21
50.0951    11.4047    7.48264e+21 7.48264e+21 7.48264e+21 7.48264e+21 7.48264e+21 7.48264e+21 7.48264e+21 7.48264e+21 7.48264e+21 7.48264e+21 7.48264e+21 7.48264e+21 7.48264e+21 7.48264e+21 7.48264e+21 7.48264e+21 7.48264e+21 7.48264e+21 7.48264e+21 7.48264e+21 7.48264e+21 7.48264e+21 7.48264e+21 7.48264e+21 7.48264e+21 7.48264e+21 7.48264e+21 7.48264e+21 7.48264e+21 7.48264e+21 7.48264e+21 7.48264e+21 7.48264e+21 7.48264e+21 7.48264e+21 7.48264e+21 7.48264e+21 7.48264e+21 7.48264e+21 7.48264e+21 7.48264e+21
63.7807    13.6857    7.48264e+21 7.48264e+21 7.48264e+21 7.48264e+21 7.48264e+21 7.48264e+21 7.48264e+21 7.48264e+21 7.48264e+21 7.48264e+21 7.48264e+21 7.48264e+21 7.48264e+21 7.48264e+21 7.48264e+21 7.48264e+21 7.48264e+21 7.48264e+21 7.48264e+21 7.48264e+21 7.48264e+21 7.48264e+21 7.48264e+21 7.48264e+21 7.48264e+21 7.48264e+21 7.48264e+21 7.48264e+21 7.48264e+21 7.48264e+21 7.48264e+21 7.48264e+21 7.48264e+21 7.48264e+21 7.48264e+21 7.48264e+21 7.48264e+21 7.48264e+21 7.48264e+21 7.48264e+21 7.48264e+21
63.7808    0.0001    1.58405e+14 1.67549e+14 1.77288e+14 1.33528e+14 1.35604e+14 1.31828e+14 1.77956e+14 1.22293e+13 3.55191e+12 3.57431e+12 3.46579e+12 3.77818e+12 7.48264e+21 7.48264e+21 3.48856e+12 3.59461e+12 3.55017e+12 3.57772e+12 3.14149e+12 3.55815e+12 7.48264e+21  4.5306e+12  2.9894e+12 3.54857e+12 3.55266e+12 3.48657e+12 3.38465e+12 3.55131e+12 3.59447e+12 3.49109e+12 3.39034e+12 3.62867e+12 4.04117e+12  3.9467e+12 3.98109e+12 9.97755e+12 2.31282e+13 1.32581e+14  1.3121e+14 1.30786e+14 1.30716e+14
63.7809    0.0001    3.17995e+14 3.36424e+14 3.56064e+14 5.37479e+14 5.45889e+14   5.306e+14 7.17818e+14 4.92664e+13  2.6194e+14 2.64044e+14 1.18638e+14 6.60085e+14 7.48264e+21 7.48264e+21 2.56897e+14 2.65544e+14  1.2174e+14 2.64295e+14 2.55095e+13 1.22014e+14 7.48264e+21 1.58446e+14 2.42568e+13 5.87397e+13 1.21826e+14 5.76789e+13 5.59373e+13 1.21779e+14 2.65528e+14 2.57115e+14 5.60344e+13 6.33957e+14  2.2041e+15 2.15578e+15 2.17518e+15 1.74103e+15 7.90689e+14 5.33637e+14 2.63234e+14 2.62381e+14 2.62239e+14
4.5833    4.5833    7.48264e+21 7.48264e+21 7.48264e+21 7.48264e+21 7.48264e+21 7.48264e+21 7.48264e+21 7.48264e+21 7.48264e+21 7.48264e+21 7.48264e+21 7.48264e+21 7.48264e+21 7.48264e+21 7.48264e+21 7.48264e+21 7.48264e+21 7.48264e+21 7.48264e+21 7.48264e+21 7.48264e+21 7.48264e+21 7.48264e+21 7.48264e+21 7.48264e+21 7.48264e+21 7.48264e+21 7.48264e+21 7.48264e+21 7.48264e+21 7.48264e+21 7.48264e+21 7.48264e+21 7.48264e+21 7.48264e+21 7.48264e+21 7.48264e+21 7.48264e+21 7.48264e+21 7.48264e+21 7.48264e+21
9.1666    4.5833    7.48264e+21 7.48264e+21 7.48264e+21 7.48264e+21 7.48264e+21 7.48264e+21 7.48264e+21 7.48264e+21 7.48264e+21 7.48264e+21 7.48264e+21 7.48264e+21 7.48264e+21 7.48264e+21 7.48264e+21 7.48264e+21 7.48264e+21 7.48264e+21 7.48264e+21 7.48264e+21 7.48264e+21 7.48264e+21 7.48264e+21 7.48264e+21 7.48264e+21 7.48264e+21 7.48264e+21 7.48264e+21 7.48264e+21 7.48264e+21 7.48264e+21 7.48264e+21 7.48264e+21 7.48264e+21 7.48264e+21 7.48264e+21 7.48264e+21 7.48264e+21 7.48264e+21 7.48264e+21 7.48264e+21
14.6666    5.49996    7.48264e+21 7.48264e+21 7.48264e+21 7.48264e+21 7.48264e+21 7.48264e+21 7.48264e+21 7.48264e+21 7.48264e+21 7.48264e+21 7.48264e+21 7.48264e+21 7.48264e+21 7.48264e+21 7.48264e+21 7.48264e+21 7.48264e+21 7.48264e+21 7.48264e+21 7.48264e+21 7.48264e+21 7.48264e+21 7.48264e+21 7.48264e+21 7.48264e+21 7.48264e+21 7.48264e+21 7.48264e+21 7.48264e+21 7.48264e+21 7.48264e+21 7.48264e+21 7.48264e+21 7.48264e+21 7.48264e+21 7.48264e+21 7.48264e+21 7.48264e+21 7.48264e+21 7.48264e+21 7.48264e+21
21.2665    6.59995    7.48264e+21 7.48264e+21 7.48264e+21 7.48264e+21 7.48264e+21 7.48264e+21 7.48264e+21 7.48264e+21 7.48264e+21 7.48264e+21 7.48264e+21 7.48264e+21 7.48264e+21 7.48264e+21 7.48264e+21 7.48264e+21 7.48264e+21 7.48264e+21 7.48264e+21 7.48264e+21 7.48264e+21 7.48264e+21 7.48264e+21 7.48264e+21 7.48264e+21 7.48264e+21 7.48264e+21 7.48264e+21 7.48264e+21 7.48264e+21 7.48264e+21 7.48264e+21 7.48264e+21 7.48264e+21 7.48264e+21 7.48264e+21 7.48264e+21 7.48264e+21 7.48264e+21 7.48264e+21 7.48264e+21
29.1864    7.91994    7.48264e+21 7.48264e+21 7.48264e+21 7.48264e+21 7.48264e+21 7.48264e+21 7.48264e+21 7.48264e+21 7.48264e+21 7.48264e+21 7.48264e+21 7.48264e+21 7.48264e+21 7.48264e+21 7.48264e+21 7.48264e+21 7.48264e+21 7.48264e+21 7.48264e+21 7.48264e+21 7.48264e+21 7.48264e+21 7.48264e+21 7.48264e+21 7.48264e+21 7.48264e+21 7.48264e+21 7.48264e+21 7.48264e+21 7.48264e+21 7.48264e+21 7.48264e+21 7.48264e+21 7.48264e+21 7.48264e+21 7.48264e+21 7.48264e+21 7.48264e+21 7.48264e+21 7.48264e+21 7.48264e+21
38.6904    9.50393    7.48264e+21 7.48264e+21 7.48264e+21 7.48264e+21 7.48264e+21 7.48264e+21 7.48264e+21 7.48264e+21 7.48264e+21 7.48264e+21 7.48264e+21 7.48264e+21 7.48264e+21 7.48264e+21 7.48264e+21 7.48264e+21 7.48264e+21 7.48264e+21 7.48264e+21 7.48264e+21 7.48264e+21 7.48264e+21 7.48264e+21 7.48264e+21 7.48264e+21 7.48264e+21 7.48264e+21 7.48264e+21 7.48264e+21 7.48264e+21 7.48264e+21 7.48264e+21 7.48264e+21 7.48264e+21 7.48264e+21 7.48264e+21 7.48264e+21 7.48264e+21 7.48264e+21 7.48264e+21 7.48264e+21
50.0951    11.4047    7.48264e+21 7.48264e+21 7.48264e+21 7.48264e+21 7.48264e+21 7.48264e+21 7.48264e+21 7.48264e+21 7.48264e+21 7.48264e+21 7.48264e+21 7.48264e+21 7.48264e+21 7.48264e+21 7.48264e+21 7.48264e+21 7.48264e+21 7.48264e+21 7.48264e+21 7.48264e+21 7.48264e+21 7.48264e+21 7.48264e+21 7.48264e+21 7.48264e+21 7.48264e+21 7.48264e+21 7.48264e+21 7.48264e+21 7.48264e+21 7.48264e+21 7.48264e+21 7.48264e+21 7.48264e+21 7.48264e+21 7.48264e+21 7.48264e+21 7.48264e+21 7.48264e+21 7.48264e+21 7.48264e+21
63.7807    13.6857    7.48264e+21 7.48264e+21 7.48264e+21 7.48264e+21 7.48264e+21 7.48264e+21 7.48264e+21 7.48264e+21 7.48264e+21 7.48264e+21 7.48264e+21 7.48264e+21 7.48264e+21 7.48264e+21 7.48264e+21 7.48264e+21 7.48264e+21 7.48264e+21 7.48264e+21 7.48264e+21 7.48264e+21 7.48264e+21 7.48264e+21 7.48264e+21 7.48264e+21 7.48264e+21 7.48264e+21 7.48264e+21 7.48264e+21 7.48264e+21 7.48264e+21 7.48264e+21 7.48264e+21 7.48264e+21 7.48264e+21 7.48264e+21 7.48264e+21 7.48264e+21 7.48264e+21 7.48264e+21 7.48264e+21
63.7808    0.0001    1.58405e+14 1.67549e+14 1.77288e+14 1.33528e+14 1.35604e+14 1.31828e+14 1.77956e+14 1.22293e+13 3.55191e+12 3.57431e+12 3.46579e+12 3.77818e+12 7.48264e+21 7.48264e+21 3.48856e+12 3.59461e+12 3.55017e+12 3.57772e+12 3.14149e+12 3.55815e+12 7.48264e+21  4.5306e+12  2.9894e+12 3.54857e+12 3.55266e+12 3.48657e+12 3.38465e+12 3.55131e+12 3.59447e+12 3.49109e+12 3.39034e+12 3.62867e+12 4.04117e+12  3.9467e+12 3.98109e+12 9.97755e+12 2.31282e+13 1.32581e+14  1.3121e+14 1.30786e+14 1.30716e+14
63.7809    0.0001    3.17995e+14 3.36424e+14 3.56064e+14 5.37479e+14 5.45889e+14   5.306e+14 7.17818e+14 4.92664e+13  2.6194e+14 2.64044e+14 1.18638e+14 6.60085e+14 7.48264e+21 7.48264e+21 2.56897e+14 2.65544e+14  1.2174e+14 2.64295e+14 2.55095e+13 1.22014e+14 7.48264e+21 1.58446e+14 2.42568e+13 5.87397e+13 1.21826e+14 5.76789e+13 5.59373e+13 1.21779e+14 2.65528e+14 2.57115e+14 5.60344e+13 6.33957e+14  2.2041e+15 2.15578e+15 2.17518e+15 1.74103e+15 7.90689e+14 5.33637e+14 2.63234e+14 2.62381e+14 2.62239e+14
4.5833    4.5833    7.48264e+21 7.48264e+21 7.48264e+21 7.48264e+21 7.48264e+21 7.48264e+21 7.48264e+21 7.48264e+21 7.48264e+21 7.48264e+21 7.48264e+21 7.48264e+21 7.48264e+21 7.48264e+21 7.48264e+21 7.48264e+21 7.48264e+21 7.48264e+21 7.48264e+21 7.48264e+21 7.48264e+21 7.48264e+21 7.48264e+21 7.48264e+21 7.48264e+21 7.48264e+21 7.48264e+21 7.48264e+21 7.48264e+21 7.48264e+21 7.48264e+21 7.48264e+21 7.48264e+21 7.48264e+21 7.48264e+21 7.48264e+21 7.48264e+21 7.48264e+21 7.48264e+21 7.48264e+21 7.48264e+21
9.1666    4.5833    7.48264e+21 7.48264e+21 7.48264e+21 7.48264e+21 7.48264e+21 7.48264e+21 7.48264e+21 7.48264e+21 7.48264e+21 7.48264e+21 7.48264e+21 7.48264e+21 7.48264e+21 7.48264e+21 7.48264e+21 7.48264e+21 7.48264e+21 7.48264e+21 7.48264e+21 7.48264e+21 7.48264e+21 7.48264e+21 7.48264e+21 7.48264e+21 7.48264e+21 7.48264e+21 7.48264e+21 7.48264e+21 7.48264e+21 7.48264e+21 7.48264e+21 7.48264e+21 7.48264e+21 7.48264e+21 7.48264e+21 7.48264e+21 7.48264e+21 7.48264e+21 7.48264e+21 7.48264e+21 7.48264e+21
14.6666    5.49996    7.48264e+21 7.48264e+21 7.48264e+21 7.48264e+21 7.48264e+21 7.48264e+21 7.48264e+21 7.48264e+21 7.48264e+21 7.48264e+21 7.48264e+21 7.48264e+21 7.48264e+21 7.48264e+21 7.48264e+21 7.48264e+21 7.48264e+21 7.48264e+21 7.48264e+21 7.48264e+21 7.48264e+21 7.48264e+21 7.48264e+21 7.48264e+21 7.48264e+21 7.48264e+21 7.48264e+21 7.48264e+21 7.48264e+21 7.48264e+21 7.48264e+21 7.48264e+21 7.48264e+21 7.48264e+21 7.48264e+21 7.48264e+21 7.48264e+21 7.48264e+21 7.48264e+21 7.48264e+21 7.48264e+21
21.2665    6.59995    7.48264e+21 7.48264e+21 7.48264e+21 7.48264e+21 7.48264e+21 7.48264e+21 7.48264e+21 7.48264e+21 7.48264e+21 7.48264e+21 7.48264e+21 7.48264e+21 7.48264e+21 7.48264e+21 7.48264e+21 7.48264e+21 7.48264e+21 7.48264e+21 7.48264e+21 7.48264e+21 7.48264e+21 7.48264e+21 7.48264e+21 7.48264e+21 7.48264e+21 7.48264e+21 7.48264e+21 7.48264e+21 7.48264e+21 7.48264e+21 7.48264e+21 7.48264e+21 7.48264e+21 7.48264e+21 7.48264e+21 7.48264e+21 7.48264e+21 7.48264e+21 7.48264e+21 7.48264e+21 7.48264e+21
29.1864    7.91994    7.48264e+21 7.48264e+21 7.48264e+21 7.48264e+21 7.48264e+21 7.48264e+21 7.48264e+21 7.48264e+21 7.48264e+21 7.48264e+21 7.48264e+21 7.48264e+21 7.48264e+21 7.48264e+21 7.48264e+21 7.48264e+21 7.48264e+21 7.48264e+21 7.48264e+21 7.48264e+21 7.48264e+21 7.48264e+21 7.48264e+21 7.48264e+21 7.48264e+21 7.48264e+21 7.48264e+21 7.48264e+21 7.48264e+21 7.48264e+21 7.48264e+21 7.48264e+21 7.48264e+21 7.48264e+21 7.48264e+21 7.48264e+21 7.48264e+21 7.48264e+21 7.48264e+21 7.48264e+21 7.48264e+21
38.6904    9.50393    7.48264e+21 7.48264e+21 7.48264e+21 7.48264e+21 7.48264e+21 7.48264e+21 7.48264e+21 7.48264e+21 7.48264e+21 7.48264e+21 7.48264e+21 7.48264e+21 7.48264e+21 7.48264e+21 7.48264e+21 7.48264e+21 7.48264e+21 7.48264e+21 7.48264e+21 7.48264e+21 7.48264e+21 7.48264e+21 7.48264e+21 7.48264e+21 7.48264e+21 7.48264e+21 7.48264e+21 7.48264e+21 7.48264e+21 7.48264e+21 7.48264e+21 7.48264e+21 7.48264e+21 7.48264e+21 7.48264e+21 7.48264e+21 7.48264e+21 7.48264e+21 7.48264e+21 7.48264e+21 7.48264e+21
50.0951    11.4047    7.48264e+21 7.48264e+21 7.48264e+21 7.48264e+21 7.48264e+21 7.48264e+21 7.48264e+21 7.48264e+21 7.48264e+21 7.48264e+21 7.48264e+21 7.48264e+21 7.48264e+21 7.48264e+21 7.48264e+21 7.48264e+21 7.48264e+21 7.48264e+21 7.48264e+21 7.48264e+21 7.48264e+21 7.48264e+21 7.48264e+21 7.48264e+21 7.48264e+21 7.48264e+21 7.48264e+21 7.48264e+21 7.48264e+21 7.48264e+21 7.48264e+21 7.48264e+21 7.48264e+21 7.48264e+21 7.48264e+21 7.48264e+21 7.48264e+21 7.48264e+21 7.48264e+21 7.48264e+21 7.48264e+21
63.7807    13.6857    7.48264e+21 7.48264e+21 7.48264e+21 7.48264e+21 7.48264e+21 7.48264e+21 7.48264e+21 7.48264e+21 7.48264e+21 7.48264e+21 7.48264e+21 7.48264e+21 7.48264e+21 7.48264e+21 7.48264e+21 7.48264e+21 7.48264e+21 7.48264e+21 7.48264e+21 7.48264e+21 7.48264e+21 7.48264e+21 7.48264e+21 7.48264e+21 7.48264e+21 7.48264e+21 7.48264e+21 7.48264e+21 7.48264e+21 7.48264e+21 7.48264e+21 7.48264e+21 7.48264e+21 7.48264e+21 7.48264e+21 7.48264e+21 7.48264e+21 7.48264e+21 7.48264e+21 7.48264e+21 7.48264e+21
63.7808    0.0001    1.58405e+14 1.67549e+14 1.77288e+14 1.33528e+14 1.35604e+14 1.31828e+14 1.77956e+14 1.22293e+13 3.55191e+12 3.57431e+12 3.46579e+12 3.77818e+12 7.48264e+21 7.48264e+21 3.48856e+12 3.59461e+12 3.55017e+12 3.57772e+12 3.14149e+12 3.55815e+12 7.48264e+21  4.5306e+12  2.9894e+12 3.54857e+12 3.55266e+12 3.48657e+12 3.38465e+12 3.55131e+12 3.59447e+12 3.49109e+12 3.39034e+12 3.62867e+12 4.04117e+12  3.9467e+12 3.98109e+12 9.97755e+12 2.31282e+13 1.32581e+14  1.3121e+14 1.30786e+14 1.30716e+14
63.7809    0.0001    3.17995e+14 3.36424e+14 3.56064e+14 5.37479e+14 5.45889e+14   5.306e+14 7.17818e+14 4.92664e+13  2.6194e+14 2.64044e+14 1.18638e+14 6.60085e+14 7.48264e+21 7.48264e+21 2.56897e+14 2.65544e+14  1.2174e+14 2.64295e+14 2.55095e+13 1.22014e+14 7.48264e+21 1.58446e+14 2.42568e+13 5.87397e+13 1.21826e+14 5.76789e+13 5.59373e+13 1.21779e+14 2.65528e+14 2.57115e+14 5.60344e+13 6.33957e+14  2.2041e+15 2.15578e+15 2.17518e+15 1.74103e+15 7.90689e+14 5.33637e+14 2.63234e+14 2.62381e+14 2.62239e+14
