              4.5833              4.5833                   0                   1                   8
              9.1666              4.5833         4.80761e-19                   0                   0
             14.6666             5.49996         4.96489e-19                   0                   0
             21.2665             6.59995         2.92758e-19                   0                   0
             29.1864             7.91994         3.05678e-19                   0                   0
             38.6904             9.50393         3.73829e-19                   0                   0
             50.0951             11.4047         5.78947e-19                   0                   0
             63.7807             13.6857           9.613e-19                   0                   0
             63.7808              0.0001         9.62434e-19                   2                   3
             63.7809              0.0001         9.62483e-19                   2                   2
              4.5833              4.5833                   0                   1                   8
              9.1666              4.5833         4.80761e-19                   0                   0
             14.6666             5.49996         4.96489e-19                   0                   0
             21.2665             6.59995         2.92758e-19                   0                   0
             29.1864             7.91994         3.05678e-19                   0                   0
             38.6904             9.50393         3.73829e-19                   0                   0
             50.0951             11.4047         5.78947e-19                   0                   0
             63.7807             13.6857           9.613e-19                   0                   0
             63.7808              0.0001         9.62434e-19                   2                   3
             63.7809              0.0001         9.62483e-19                   1                   1
              4.5833              4.5833                   0                   1                   8
              9.1666              4.5833         4.80761e-19                   0                   0
             14.6666             5.49996         4.96489e-19                   0                   0
             21.2665             6.59995         2.92758e-19                   0                   0
             29.1864             7.91994         3.05678e-19                   0                   0
             38.6904             9.50393         3.73829e-19                   0                   0
             50.0951             11.4047         5.78947e-19                   0                   0
             63.7807             13.6857           9.613e-19                   0                   0
             63.7808              0.0001         9.62434e-19                   2                   3
             63.7809              0.0001         9.62483e-19                   1                   1
              4.5833              4.5833                   0                   1                   8
              9.1666              4.5833         4.80761e-19                   0                   0
             14.6666             5.49996         4.96489e-19                   0                   0
             21.2665             6.59995         2.92758e-19                   0                   0
             29.1864             7.91994         3.05678e-19                   0                   0
             38.6904             9.50393         3.73829e-19                   0                   0
             50.0951             11.4047         5.78947e-19                   0                   0
             63.7807             13.6857           9.613e-19                   0                   0
             63.7808              0.0001         9.62434e-19                   2                   3
             63.7809              0.0001         9.62483e-19                   1                   1
