335.043    66.087         0
     0
324686
171755
     0
     0
15.3697    15.3697    0
0
0
0
0
0
30.7394    15.3697          0
      0
329.583
413.735
      0
      0
49.1831    18.4437          0
      0
98983.8
81835.8
      0
      0
71.3155    22.1324          0
      0
 123558
70027.3
      0
      0
97.8744    26.5589         0
     0
312265
253780
     0
     0
129.745    31.8706         0
     0
178541
179618
     0
     0
167.99    38.2448         0
     0
143626
187325
     0
     0
213.884    45.8937         0
     0
212983
162684
     0
     0
268.956    55.0725         0
     0
136037
234286
     0
     0
335.043    66.087         0
     0
324686
171755
     0
     0
15.3697    15.3697    0
0
0
0
0
0
30.7394    15.3697          0
      0
329.583
413.735
      0
      0
49.1831    18.4437          0
      0
98983.8
81835.8
      0
      0
71.3155    22.1324          0
      0
 123558
70027.3
      0
      0
97.8744    26.5589         0
     0
312265
253780
     0
     0
129.745    31.8706         0
     0
178541
179618
     0
     0
167.99    38.2448         0
     0
143626
187325
     0
     0
213.884    45.8937         0
     0
212983
162684
     0
     0
268.956    55.0725         0
     0
136037
234286
     0
     0
335.043    66.087         0
     0
324686
171755
     0
     0
15.3697    15.3697    0
0
0
0
0
0
30.7394    15.3697          0
      0
329.583
413.735
      0
      0
49.1831    18.4437          0
      0
98983.8
81835.8
      0
      0
71.3155    22.1324          0
      0
 123558
70027.3
      0
      0
97.8744    26.5589         0
     0
312265
253780
     0
     0
129.745    31.8706         0
     0
178541
179618
     0
     0
167.99    38.2448         0
     0
143626
187325
     0
     0
213.884    45.8937         0
     0
212983
162684
     0
     0
268.956    55.0725         0
     0
136037
234286
     0
     0
335.043    66.087         0
     0
324686
171755
     0
     0
15.3697    15.3697    0
0
0
0
0
0
30.7394    15.3697          0
      0
329.583
413.735
      0
      0
49.1831    18.4437          0
      0
98983.8
81835.8
      0
      0
71.3155    22.1324          0
      0
 123558
70027.3
      0
      0
15.3697    15.3697    0
0
0
0
0
0
30.7394    15.3697          0
      0
329.583
413.735
      0
      0
49.1831    18.4437          0
      0
98983.8
81835.8
      0
      0
71.3155    22.1324          0
      0
 123558
70027.3
      0
      0
97.8744    26.5589         0
     0
312265
253780
     0
     0
129.745    31.8706         0
     0
178541
179618
     0
     0
167.99    38.2448         0
     0
143626
187325
     0
     0
213.884    45.8937         0
     0
212983
162684
     0
     0
268.956    55.0725         0
     0
136037
234286
     0
     0
335.043    66.087         0
     0
324686
171755
     0
     0
15.3697    15.3697    0
0
0
0
0
0
15.3697    15.3697    0
0
0
0
0
0
30.7394    15.3697          0
      0
329.583
413.735
      0
      0
49.1831    18.4437          0
      0
98983.8
81835.8
      0
      0
71.3155    22.1324          0
      0
 123558
70027.3
      0
      0
97.8744    26.5589         0
     0
312265
253780
     0
     0
129.745    31.8706         0
     0
178541
179618
     0
     0
167.99    38.2448         0
     0
143626
187325
     0
     0
213.884    45.8937         0
     0
212983
162684
     0
     0
268.956    55.0725         0
     0
136037
234286
     0
     0
335.043    66.087         0
     0
324686
171755
     0
     0
15.3697    15.3697    0
0
0
0
0
0
30.7394    15.3697          0
      0
329.583
413.735
      0
      0
49.1831    18.4437          0
      0
98983.8
81835.8
      0
      0
71.3155    22.1324          0
      0
 123558
70027.3
      0
      0
97.8744    26.5589         0
     0
312265
253780
     0
     0
129.745    31.8706         0
     0
178541
179618
     0
     0
167.99    38.2448         0
     0
143626
187325
     0
     0
213.884    45.8937         0
     0
212983
162684
     0
     0
268.956    55.0725         0
     0
136037
234286
     0
     0
335.043    66.087         0
     0
324686
171755
     0
     0
15.3697    15.3697    0
0
0
0
0
0
30.7394    15.3697          0
      0
329.583
413.735
      0
      0
49.1831    18.4437          0
      0
98983.8
81835.8
      0
      0
71.3155    22.1324          0
      0
 123558
70027.3
      0
      0
97.8744    26.5589         0
     0
312265
253780
     0
     0
129.745    31.8706         0
     0
178541
179618
     0
     0
167.99    38.2448         0
     0
143626
187325
     0
     0
213.884    45.8937         0
     0
212983
162684
     0
     0
268.956    55.0725         0
     0
136037
234286
     0
     0
335.043    66.087         0
     0
324686
171755
     0
     0
15.3697    15.3697    0
0
0
0
0
0
30.7394    15.3697          0
      0
329.583
413.735
      0
      0
49.1831    18.4437          0
      0
98983.8
81835.8
      0
      0
71.3155    22.1324          0
      0
 123558
70027.3
      0
      0
97.8744    26.5589         0
     0
312265
253780
     0
     0
129.745    31.8706         0
     0
178541
179618
     0
     0
167.99    38.2448         0
     0
143626
187325
     0
     0
213.884    45.8937         0
     0
212983
162684
     0
     0
268.956    55.0725         0
     0
136037
234286
     0
     0
335.043    66.087         0
     0
324686
171755
     0
     0
15.3697    15.3697    0
0
0
0
0
0
30.7394    15.3697          0
      0
329.583
413.735
      0
      0
49.1831    18.4437          0
      0
98983.8
81835.8
      0
      0
71.3155    22.1324          0
      0
 123558
70027.3
      0
      0
97.8744    26.5589         0
     0
312265
253780
     0
     0
129.745    31.8706         0
     0
178541
179618
     0
     0
167.99    38.2448         0
     0
143626
187325
     0
     0
213.884    45.8937         0
     0
212983
162684
     0
     0
268.956    55.0725         0
     0
136037
234286
     0
     0
335.043    66.087         0
     0
324686
171755
     0
     0
15.3697    15.3697    0
0
0
0
0
0
30.7394    15.3697          0
      0
329.583
413.735
      0
      0
49.1831    18.4437          0
      0
98983.8
81835.8
      0
      0
71.3155    22.1324          0
      0
 123558
70027.3
      0
      0
97.8744    26.5589         0
     0
312265
253780
     0
     0
129.745    31.8706         0
     0
178541
179618
     0
     0
167.99    38.2448         0
     0
143626
187325
     0
     0
213.884    45.8937         0
     0
212983
162684
     0
     0
268.956    55.0725         0
     0
136037
234286
     0
     0
335.043    66.087         0
     0
324686
171755
     0
     0
15.3697    15.3697    0 0 0 0 0 0 0 0 0 0 0 0 0 0 0 0 0 0 0 0 0
30.7394    15.3697    450.451 1530.34 329.583 401.166    1520 625.679 1239.89 710.899 597.755 272.015 636.113 358.477 378.428 163.184 329.256  266.37 27.4806 6.52154 3.68038   1.851 2.41479
49.1831    18.4437    8242.57 64466.2 98983.8  120139   52251 52192.4 73185.5  111921 73814.9   31564 41355.6 96921.1 84165.3 22971.9  5951.3 4974.97 1053.73 316.701 178.643 35.1797 25.9056
71.3155    22.1324    16188.7   55396  123558  117766   66882 68428.7 71081.9 65172.3 67117.8 65965.6 53553.3 65526.9 54996.7   21447 11416.9 2395.62 4229.03 1339.46 1154.35 783.824 366.192
97.8744    26.5589     160031  642991  312265  129054 75405.6   71688 46345.8   26282  127060  111549  113376 74452.2  109998   53491 36653.2 10157.9 7527.77 1064.88  2903.2 1754.07  1279.5
129.745    31.8706     163393  914133  178541 48586.8 42521.2 54846.1 84286.5 37266.4  153809 75290.8 70293.6 62709.9 68282.8 54389.7  165128  115843 30904.8 9430.21  6088.1 3821.49 2351.16
167.99    38.2448     148085  849142  143626 57144.6 80148.5 91013.1 66438.5 95912.7  287440  255739  169177 67108.1 40647.6 98353.3  102053 58740.8 62722.1 21401.9 17519.8  7761.3 1738.86
213.884    45.8937     173758  937275  212983 62895.8 40509.4 50329.2  118185  124583  163631  100686 48233.2 42190.5  101073 98974.8  186821  124812  103207 32842.1 37251.6 19208.1 5882.35
268.956    55.0725     175897  781233  136037 90065.8  109114  187945  150976  264620  584311  483421  307364  118187  160930  263053  343184  235964  189936   58170   73973 40431.1 10059.7
335.043    66.087         295558 1.06262e+06      324686      163731     67022.2      128503      359027      480592      774158      463944      481933      242196      346201      445313      820921      577937      389430      116164      158619     90947.2     25617.9
15.3697    15.3697    0 0 0 0 0 0 0 0 0 0 0 0 0 0 0 0 0 0 0 0 0
30.7394    15.3697    450.451 1530.34 329.583 401.166    1520 625.679 1239.89 710.899 597.755 272.015 636.113 358.477 378.428 163.184 329.256  266.37 27.4806 6.52154 3.68038   1.851 2.41479
49.1831    18.4437    8242.57 64466.2 98983.8  120139   52251 52192.4 73185.5  111921 73814.9   31564 41355.6 96921.1 84165.3 22971.9  5951.3 4974.97 1053.73 316.701 178.643 35.1797 25.9056
71.3155    22.1324    16188.7   55396  123558  117766   66882 68428.7 71081.9 65172.3 67117.8 65965.6 53553.3 65526.9 54996.7   21447 11416.9 2395.62 4229.03 1339.46 1154.35 783.824 366.192
97.8744    26.5589     160031  642991  312265  129054 75405.6   71688 46345.8   26282  127060  111549  113376 74452.2  109998   53491 36653.2 10157.9 7527.77 1064.88  2903.2 1754.07  1279.5
129.745    31.8706     163393  914133  178541 48586.8 42521.2 54846.1 84286.5 37266.4  153809 75290.8 70293.6 62709.9 68282.8 54389.7  165128  115843 30904.8 9430.21  6088.1 3821.49 2351.16
167.99    38.2448     148085  849142  143626 57144.6 80148.5 91013.1 66438.5 95912.7  287440  255739  169177 67108.1 40647.6 98353.3  102053 58740.8 62722.1 21401.9 17519.8  7761.3 1738.86
213.884    45.8937     173758  937275  212983 62895.8 40509.4 50329.2  118185  124583  163631  100686 48233.2 42190.5  101073 98974.8  186821  124812  103207 32842.1 37251.6 19208.1 5882.35
268.956    55.0725     175897  781233  136037 90065.8  109114  187945  150976  264620  584311  483421  307364  118187  160930  263053  343184  235964  189936   58170   73973 40431.1 10059.7
335.043    66.087         295558 1.06262e+06      324686      163731     67022.2      128503      359027      480592      774158      463944      481933      242196      346201      445313      820921      577937      389430      116164      158619     90947.2     25617.9
15.3697    15.3697    0 0 0 0 0 0 0 0 0 0 0 0 0 0 0 0 0 0 0 0 0
30.7394    15.3697    450.451 1530.34 329.583 401.166    1520 625.679 1239.89 710.899 597.755 272.015 636.113 358.477 378.428 163.184 329.256  266.37 27.4806 6.52154 3.68038   1.851 2.41479
49.1831    18.4437    8242.57 64466.2 98983.8  120139   52251 52192.4 73185.5  111921 73814.9   31564 41355.6 96921.1 84165.3 22971.9  5951.3 4974.97 1053.73 316.701 178.643 35.1797 25.9056
71.3155    22.1324    16188.7   55396  123558  117766   66882 68428.7 71081.9 65172.3 67117.8 65965.6 53553.3 65526.9 54996.7   21447 11416.9 2395.62 4229.03 1339.46 1154.35 783.824 366.192
97.8744    26.5589     160031  642991  312265  129054 75405.6   71688 46345.8   26282  127060  111549  113376 74452.2  109998   53491 36653.2 10157.9 7527.77 1064.88  2903.2 1754.07  1279.5
129.745    31.8706     163393  914133  178541 48586.8 42521.2 54846.1 84286.5 37266.4  153809 75290.8 70293.6 62709.9 68282.8 54389.7  165128  115843 30904.8 9430.21  6088.1 3821.49 2351.16
167.99    38.2448     148085  849142  143626 57144.6 80148.5 91013.1 66438.5 95912.7  287440  255739  169177 67108.1 40647.6 98353.3  102053 58740.8 62722.1 21401.9 17519.8  7761.3 1738.86
213.884    45.8937     173758  937275  212983 62895.8 40509.4 50329.2  118185  124583  163631  100686 48233.2 42190.5  101073 98974.8  186821  124812  103207 32842.1 37251.6 19208.1 5882.35
268.956    55.0725     175897  781233  136037 90065.8  109114  187945  150976  264620  584311  483421  307364  118187  160930  263053  343184  235964  189936   58170   73973 40431.1 10059.7
335.043    66.087         295558 1.06262e+06      324686      163731     67022.2      128503      359027      480592      774158      463944      481933      242196      346201      445313      820921      577937      389430      116164      158619     90947.2     25617.9
15.3697    15.3697    0 0 0 0 0 0 0 0 0 0 0 0 0 0 0 0 0 0 0 0 0
30.7394    15.3697    450.451 1530.34 329.583 401.166    1520 625.679 1239.89 710.899 597.755 272.015 636.113 358.477 378.428 163.184 329.256  266.37 27.4806 6.52154 3.68038   1.851 2.41479
49.1831    18.4437    8242.57 64466.2 98983.8  120139   52251 52192.4 73185.5  111921 73814.9   31564 41355.6 96921.1 84165.3 22971.9  5951.3 4974.97 1053.73 316.701 178.643 35.1797 25.9056
71.3155    22.1324    16188.7   55396  123558  117766   66882 68428.7 71081.9 65172.3 67117.8 65965.6 53553.3 65526.9 54996.7   21447 11416.9 2395.62 4229.03 1339.46 1154.35 783.824 366.192
97.8744    26.5589     160031  642991  312265  129054 75405.6   71688 46345.8   26282  127060  111549  113376 74452.2  109998   53491 36653.2 10157.9 7527.77 1064.88  2903.2 1754.07  1279.5
129.745    31.8706     163393  914133  178541 48586.8 42521.2 54846.1 84286.5 37266.4  153809 75290.8 70293.6 62709.9 68282.8 54389.7  165128  115843 30904.8 9430.21  6088.1 3821.49 2351.16
167.99    38.2448     148085  849142  143626 57144.6 80148.5 91013.1 66438.5 95912.7  287440  255739  169177 67108.1 40647.6 98353.3  102053 58740.8 62722.1 21401.9 17519.8  7761.3 1738.86
213.884    45.8937     173758  937275  212983 62895.8 40509.4 50329.2  118185  124583  163631  100686 48233.2 42190.5  101073 98974.8  186821  124812  103207 32842.1 37251.6 19208.1 5882.35
268.956    55.0725     175897  781233  136037 90065.8  109114  187945  150976  264620  584311  483421  307364  118187  160930  263053  343184  235964  189936   58170   73973 40431.1 10059.7
335.043    66.087         295558 1.06262e+06      324686      163731     67022.2      128503      359027      480592      774158      463944      481933      242196      346201      445313      820921      577937      389430      116164      158619     90947.2     25617.9
15.3697    15.3697    0 0 0 0 0 0 0 0 0 0 0 0 0 0 0 0 0 0 0 0 0
30.7394    15.3697    450.451 1530.34 329.583 401.166    1520 625.679 1239.89 710.899 597.755 272.015 636.113 358.477 378.428 163.184 329.256  266.37 27.4806 6.52154 3.68038   1.851 2.41479
49.1831    18.4437    8242.57 64466.2 98983.8  120139   52251 52192.4 73185.5  111921 73814.9   31564 41355.6 96921.1 84165.3 22971.9  5951.3 4974.97 1053.73 316.701 178.643 35.1797 25.9056
71.3155    22.1324    16188.7   55396  123558  117766   66882 68428.7 71081.9 65172.3 67117.8 65965.6 53553.3 65526.9 54996.7   21447 11416.9 2395.62 4229.03 1339.46 1154.35 783.824 366.192
97.8744    26.5589     160031  642991  312265  129054 75405.6   71688 46345.8   26282  127060  111549  113376 74452.2  109998   53491 36653.2 10157.9 7527.77 1064.88  2903.2 1754.07  1279.5
129.745    31.8706     163393  914133  178541 48586.8 42521.2 54846.1 84286.5 37266.4  153809 75290.8 70293.6 62709.9 68282.8 54389.7  165128  115843 30904.8 9430.21  6088.1 3821.49 2351.16
167.99    38.2448     148085  849142  143626 57144.6 80148.5 91013.1 66438.5 95912.7  287440  255739  169177 67108.1 40647.6 98353.3  102053 58740.8 62722.1 21401.9 17519.8  7761.3 1738.86
213.884    45.8937     173758  937275  212983 62895.8 40509.4 50329.2  118185  124583  163631  100686 48233.2 42190.5  101073 98974.8  186821  124812  103207 32842.1 37251.6 19208.1 5882.35
268.956    55.0725     175897  781233  136037 90065.8  109114  187945  150976  264620  584311  483421  307364  118187  160930  263053  343184  235964  189936   58170   73973 40431.1 10059.7
335.043    66.087         295558 1.06262e+06      324686      163731     67022.2      128503      359027      480592      774158      463944      481933      242196      346201      445313      820921      577937      389430      116164      158619     90947.2     25617.9
15.3697    15.3697    0 0 0 0 0 0 0 0 0 0 0 0 0 0 0 0 0 0 0 0 0
30.7394    15.3697    450.451 1530.34 329.583 401.166    1520 625.679 1239.89 710.899 597.755 272.015 636.113 358.477 378.428 163.184 329.256  266.37 27.4806 6.52154 3.68038   1.851 2.41479
49.1831    18.4437    8242.57 64466.2 98983.8  120139   52251 52192.4 73185.5  111921 73814.9   31564 41355.6 96921.1 84165.3 22971.9  5951.3 4974.97 1053.73 316.701 178.643 35.1797 25.9056
71.3155    22.1324    16188.7   55396  123558  117766   66882 68428.7 71081.9 65172.3 67117.8 65965.6 53553.3 65526.9 54996.7   21447 11416.9 2395.62 4229.03 1339.46 1154.35 783.824 366.192
97.8744    26.5589     160031  642991  312265  129054 75405.6   71688 46345.8   26282  127060  111549  113376 74452.2  109998   53491 36653.2 10157.9 7527.77 1064.88  2903.2 1754.07  1279.5
129.745    31.8706     163393  914133  178541 48586.8 42521.2 54846.1 84286.5 37266.4  153809 75290.8 70293.6 62709.9 68282.8 54389.7  165128  115843 30904.8 9430.21  6088.1 3821.49 2351.16
167.99    38.2448     148085  849142  143626 57144.6 80148.5 91013.1 66438.5 95912.7  287440  255739  169177 67108.1 40647.6 98353.3  102053 58740.8 62722.1 21401.9 17519.8  7761.3 1738.86
213.884    45.8937     173758  937275  212983 62895.8 40509.4 50329.2  118185  124583  163631  100686 48233.2 42190.5  101073 98974.8  186821  124812  103207 32842.1 37251.6 19208.1 5882.35
268.956    55.0725     175897  781233  136037 90065.8  109114  187945  150976  264620  584311  483421  307364  118187  160930  263053  343184  235964  189936   58170   73973 40431.1 10059.7
335.043    66.087         295558 1.06262e+06      324686      163731     67022.2      128503      359027      480592      774158      463944      481933      242196      346201      445313      820921      577937      389430      116164      158619     90947.2     25617.9
4.5833    4.5833    0 0 0 0 0 0 0 0 0 0 0 0 0 0 0 0 0 0 0 0 0 0 0 0 0 0 0 0 0 0 0 0 0 0 0 0 0 0 0 0 0
9.1666    4.5833    1880.55 1769.33  2144.3 2102.75 5733.88 9131.57 13925.4 2180.55  3858.1 9818.03 11324.6 76395.6 64010.9 15200.3 18841.4 88009.8 53146.8 34751.9 27941.5 96440.9 57930.4   43480   26191  101086 58578.6 44227.1 28987.9 92848.4 66475.9 33583.9   25841  101306 53087.8   45483 53113.1  104946  125309 9283.07 25709.3 14430.7 141.778
14.6666    5.49996    6913.12 8278.06 6039.22 13476.7   25360 22139.3 15348.1 3697.77 11621.3 5125.65 10949.1 12414.2 16190.4 7173.24  6534.3 43443.3 24510.2 25366.2   15125 57342.2 30375.2 32935.4 17862.4 53315.9 35302.5 23881.3 20657.5 48437.4 33333.7 19364.8 19894.6 71668.7 31927.4   63978 22813.5 83786.5   54200 71736.3 17731.2 16599.4 210.433
21.2665    6.59995    10163.7 21816.2 4790.83 23977.5 28952.7 32153.3 10850.1 4676.46 12814.1 893.497 11552.5 22213.5 54741.7 45654.7 12291.3 15541.2 15779.7   20971 3672.91 7897.56 22185.1 22828.4 2978.46 9851.99 22174.7 15394.6 2798.32 19291.7   26538 10977.9 11644.8 39295.2 32993.5 25468.5 42793.7   67651 50295.5 38654.8 14174.4 14541.6 153.145
29.1864    7.91994    11519.6   26647 9674.89 15080.2 56479.4 20252.1 33615.6 15830.5 7894.35 5372.06 17688.3   65840 61117.7 14639.5 11445.8 40267.7 65415.6 35869.5 11706.8 12639.5 61256.9 56067.7 5521.84 10768.1 53112.3 45468.7 4019.03 6541.93 30149.8 49389.6 16074.5 28217.3 61226.3 21855.2 57740.9 85193.4 60875.9 71634.5 9110.99 8861.68 218.847
38.6904    9.50393      14378 57881.2 10345.2 24986.1 42718.6 40386.4 55787.1 18298.2 17384.5 20855.4 12890.2 59815.9 52723.1 18605.8 10021.6 30432.6 4453.95   31069 1965.41 21743.7 16605.2 8529.04 5899.45 10104.3 17664.3 11226.8 13006.8 23721.4 30430.3 33311.8  5345.8 43283.9 91313.7 94657.2 81065.4  165096 93168.8 87892.3 40547.6 35125.6  176.55
50.0951    11.4047    47731.4 47221.8 13992.3 86790.3 86468.5  101322 22343.6 22320.8 39383.6   40417 12511.5 4781.36 16069.9 18169.5 8319.77 6305.74 6230.79 9763.04 16271.8 7328.83 22316.6 17803.8 15145.6   15902 27882.3 51924.6 7495.31 17672.7 51962.5 25941.1   23159  110608  127845   71803  155876  169656   50069 99259.3 30183.1   38548 471.634
63.7807    13.6857    68324.4   81854 13966.9  125821  127630  103160  124263 16202.8   69039 54364.4 27697.5  155131 81961.1   89606 40516.2 71089.8 21690.4 57537.4 7908.45 35975.7 17919.7 41152.9 6058.68 17487.8 26914.7   15170 15756.9 24317.7   71369   40100 15837.1   92044  233583  210480  220242  332205  130475  158159 44940.2 52367.5 58.0784
63.7808    0.0001    68325.3 81855.8   13967  125821  127630  103160  124263 16202.9 69039.2 54364.5 27697.6  155131 81961.7 89605.7 40516.3 71089.9 21690.6 57537.6 7908.34 35975.7 17920.1 41153.5 6058.63 17487.9 26914.9 15170.5 15756.6 24317.7   71370 40099.9 15836.7 92044.2  233588  210486  220244  332206  130473  158159 44940.4 52367.6 58.0768
63.7809    0.0001    68326.1 81857.8 13967.1  125821  127631  103160  124263 16202.7 69038.9 54364.2 27697.6  155131 81962.3 89605.5 40516.3 71090.1 21690.6 57537.9  7908.2 35975.7 17920.3 41153.9 6058.55 17487.9   26915 15170.8 15756.2 24317.4 71370.8 40099.4 15836.1 92044.7  233591  210491  220246  332207  130472  158159 44940.4 52367.5 58.0674
1e+07    1e+07    0 0 0 0 0 0 0 0 0 0 0 0 0 0 0 0 0 0 0 0 0 0 0 0 0 0 0 0 0 0 0 0 0 0 0 0 0 0 0 0 0
2e+07    1e+07    0 0 0 0 0 0 0 0 0 0 0 0 0 0 0 0 0 0 0 0 0 0 0 0 0 0 0 0 0 0 0 0 0 0 0 0 0 0 0 0 0
3e+07    1e+07    0 0 0 0 0 0 0 0 0 0 0 0 0 0 0 0 0 0 0 0 0 0 0 0 0 0 0 0 0 0 0 0 0 0 0 0 0 0 0 0 0
4e+07    1e+07    0 0 0 0 0 0 0 0 0 0 0 0 0 0 0 0 0 0 0 0 0 0 0 0 0 0 0 0 0 0 0 0 0 0 0 0 0 0 0 0 0
5e+07    1e+07    0 0 0 0 0 0 0 0 0 0 0 0 0 0 0 0 0 0 0 0 0 0 0 0 0 0 0 0 0 0 0 0 0 0 0 0 0 0 0 0 0
6e+07    1e+07    0 0 0 0 0 0 0 0 0 0 0 0 0 0 0 0 0 0 0 0 0 0 0 0 0 0 0 0 0 0 0 0 0 0 0 0 0 0 0 0 0
7e+07    1e+07    0 0 0 0 0 0 0 0 0 0 0 0 0 0 0 0 0 0 0 0 0 0 0 0 0 0 0 0 0 0 0 0 0 0 0 0 0 0 0 0 0
8e+07    1e+07    0 0 0 0 0 0 0 0 0 0 0 0 0 0 0 0 0 0 0 0 0 0 0 0 0 0 0 0 0 0 0 0 0 0 0 0 0 0 0 0 0
9e+07    1e+07    0 0 0 0 0 0 0 0 0 0 0 0 0 0 0 0 0 0 0 0 0 0 0 0 0 0 0 0 0 0 0 0 0 0 0 0 0 0 0 0 0
1e+08    1e+07    0 0 0 0 0 0 0 0 0 0 0 0 0 0 0 0 0 0 0 0 0 0 0 0 0 0 0 0 0 0 0 0 0 0 0 0 0 0 0 0 0
1e+07    1e+07    0 0 0 0 0 0 0 0 0 0 0 0 0 0 0 0 0 0 0 0 0 0 0 0 0 0 0 0 0 0 0 0 0 0 0 0 0 0 0 0 0
2e+07    1e+07    0 0 0 0 0 0 0 0 0 0 0 0 0 0 0 0 0 0 0 0 0 0 0 0 0 0 0 0 0 0 0 0 0 0 0 0 0 0 0 0 0
3e+07    1e+07    0 0 0 0 0 0 0 0 0 0 0 0 0 0 0 0 0 0 0 0 0 0 0 0 0 0 0 0 0 0 0 0 0 0 0 0 0 0 0 0 0
4e+07    1e+07    0 0 0 0 0 0 0 0 0 0 0 0 0 0 0 0 0 0 0 0 0 0 0 0 0 0 0 0 0 0 0 0 0 0 0 0 0 0 0 0 0
5e+07    1e+07    0 0 0 0 0 0 0 0 0 0 0 0 0 0 0 0 0 0 0 0 0 0 0 0 0 0 0 0 0 0 0 0 0 0 0 0 0 0 0 0 0
6e+07    1e+07    0 0 0 0 0 0 0 0 0 0 0 0 0 0 0 0 0 0 0 0 0 0 0 0 0 0 0 0 0 0 0 0 0 0 0 0 0 0 0 0 0
7e+07    1e+07    0 0 0 0 0 0 0 0 0 0 0 0 0 0 0 0 0 0 0 0 0 0 0 0 0 0 0 0 0 0 0 0 0 0 0 0 0 0 0 0 0
8e+07    1e+07    0 0 0 0 0 0 0 0 0 0 0 0 0 0 0 0 0 0 0 0 0 0 0 0 0 0 0 0 0 0 0 0 0 0 0 0 0 0 0 0 0
9e+07    1e+07    0 0 0 0 0 0 0 0 0 0 0 0 0 0 0 0 0 0 0 0 0 0 0 0 0 0 0 0 0 0 0 0 0 0 0 0 0 0 0 0 0
1e+08    1e+07    0 0 0 0 0 0 0 0 0 0 0 0 0 0 0 0 0 0 0 0 0 0 0 0 0 0 0 0 0 0 0 0 0 0 0 0 0 0 0 0 0
4.5833    4.5833    0 0 0 0 0 0 0 0 0 0 0 0 0 0 0 0 0 0 0 0 0 0 0 0 0 0 0 0 0 0 0 0 0 0 0 0 0 0 0 0 0
9.1666    4.5833    1880.55 1769.33  2144.3 2102.75 5733.88 9131.57 13925.4 2180.55  3858.1 9818.03 11324.6 76395.6 64010.9 15200.3 18841.4 88009.8 53146.8 34751.9 27941.5 96440.9 57930.4   43480   26191  101086 58578.6 44227.1 28987.9 92848.4 66475.9 33583.9   25841  101306 53087.8   45483 53113.1  104946  125309 9283.07 25709.3 14430.7 141.778
14.6666    5.49996    6913.12 8278.06 6039.22 13476.7   25360 22139.3 15348.1 3697.77 11621.3 5125.65 10949.1 12414.2 16190.4 7173.24  6534.3 43443.3 24510.2 25366.2   15125 57342.2 30375.2 32935.4 17862.4 53315.9 35302.5 23881.3 20657.5 48437.4 33333.7 19364.8 19894.6 71668.7 31927.4   63978 22813.5 83786.5   54200 71736.3 17731.2 16599.4 210.433
21.2665    6.59995    10163.7 21816.2 4790.83 23977.5 28952.7 32153.3 10850.1 4676.46 12814.1 893.497 11552.5 22213.5 54741.7 45654.7 12291.3 15541.2 15779.7   20971 3672.91 7897.56 22185.1 22828.4 2978.46 9851.99 22174.7 15394.6 2798.32 19291.7   26538 10977.9 11644.8 39295.2 32993.5 25468.5 42793.7   67651 50295.5 38654.8 14174.4 14541.6 153.145
29.1864    7.91994    11519.6   26647 9674.89 15080.2 56479.4 20252.1 33615.6 15830.5 7894.35 5372.06 17688.3   65840 61117.7 14639.5 11445.8 40267.7 65415.6 35869.5 11706.8 12639.5 61256.9 56067.7 5521.84 10768.1 53112.3 45468.7 4019.03 6541.93 30149.8 49389.6 16074.5 28217.3 61226.3 21855.2 57740.9 85193.4 60875.9 71634.5 9110.99 8861.68 218.847
38.6904    9.50393      14378 57881.2 10345.2 24986.1 42718.6 40386.4 55787.1 18298.2 17384.5 20855.4 12890.2 59815.9 52723.1 18605.8 10021.6 30432.6 4453.95   31069 1965.41 21743.7 16605.2 8529.04 5899.45 10104.3 17664.3 11226.8 13006.8 23721.4 30430.3 33311.8  5345.8 43283.9 91313.7 94657.2 81065.4  165096 93168.8 87892.3 40547.6 35125.6  176.55
50.0951    11.4047    47731.4 47221.8 13992.3 86790.3 86468.5  101322 22343.6 22320.8 39383.6   40417 12511.5 4781.36 16069.9 18169.5 8319.77 6305.74 6230.79 9763.04 16271.8 7328.83 22316.6 17803.8 15145.6   15902 27882.3 51924.6 7495.31 17672.7 51962.5 25941.1   23159  110608  127845   71803  155876  169656   50069 99259.3 30183.1   38548 471.634
63.7807    13.6857    68324.4   81854 13966.9  125821  127630  103160  124263 16202.8   69039 54364.4 27697.5  155131 81961.1   89606 40516.2 71089.8 21690.4 57537.4 7908.45 35975.7 17919.7 41152.9 6058.68 17487.8 26914.7   15170 15756.9 24317.7   71369   40100 15837.1   92044  233583  210480  220242  332205  130475  158159 44940.2 52367.5 58.0784
63.7808    0.0001    68325.3 81855.8   13967  125821  127630  103160  124263 16202.9 69039.2 54364.5 27697.6  155131 81961.7 89605.7 40516.3 71089.9 21690.6 57537.6 7908.34 35975.7 17920.1 41153.5 6058.63 17487.9 26914.9 15170.5 15756.6 24317.7   71370 40099.9 15836.7 92044.2  233588  210486  220244  332206  130473  158159 44940.4 52367.6 58.0768
63.7809    0.0001    68326.1 81857.8 13967.1  125821  127631  103160  124263 16202.7 69038.9 54364.2 27697.6  155131 81962.3 89605.5 40516.3 71090.1 21690.6 57537.9  7908.2 35975.7 17920.3 41153.9 6058.55 17487.9   26915 15170.8 15756.2 24317.4 71370.8 40099.4 15836.1 92044.7  233591  210491  220246  332207  130472  158159 44940.4 52367.5 58.0674
5.26293    5.26293    0 0 0 0 0 0 0 0 0 0 0 0 0 0 0 0 0 0 0 0 0 0 0 0 0 0 0 0 0 0 0 0 0 0 0 0 0 0 0 0 0
10.5259    5.26293    1885.19 1771.09 2144.75 2103.56 5737.86 9141.71 13934.1 2181.27 3856.76 9821.93 11323.1 76385.8 63983.1 15209.2 18848.2 88011.3   53149 34752.5 27943.2 96441.5 57920.7 43494.2 26188.5  101100 58586.6 44233.4 28991.6 92858.4 66492.5 33578.5 25838.9  101309 53081.7 45490.1 53115.7  104952  125320 9287.05 25710.5   14432 141.774
16.8414    6.31552    6916.72 8256.36 6035.35 13477.1 25336.8 22180.5 15293.6 3686.65 11621.6 5128.41 10958.9 12366.4 16142.1 7175.95 6533.43 43405.3 24492.7 25362.4 15126.4 57300.2 30345.2 32939.2 17860.4 53294.9 35293.5 23874.7 20657.3 48423.9 33327.5 19357.1 19890.1   71650 31904.8 64007.8 22804.1 83795.5 54177.5 71751.6 17720.8   16591  210.34
24.42    7.57862    12948.7 39055.9 9947.13 28227.1 37562.1 24449.8 15913.1 8837.22 10600.7 1950.56 10262.1 31616.8 72827.3 51682.3 4572.16 14254.1 42219.8 32266.8 8769.97   17858 48646.4 31735.2 9255.47 22339.3 48960.1 25801.2  7398.7 32180.1 48024.1   10786 14595.7 51741.1 54320.3 35010.1   33985 69024.8 44453.3 50112.5 17098.7 17055.1 167.608
33.5144    9.09435    13098.5 39931.5 9001.51   28219 57861.3   22144 44976.6 10029.4 8935.08 6499.81 14973.6 41305.5 18989.4 31159.3 9394.55 13472.6   19852 11580.9 13701.8 7354.75 29851.4 39236.4 9162.07 15625.8 15556.1 25431.4 1996.99 9149.67 16705.1 26893.6 22246.2 34055.2 30722.6 22450.2 53945.4 94612.5 60019.4 71146.8 8327.81 11171.1 222.292
44.4276    10.9132    9876.18 14839.7 12036.4 50746.2 54407.3 64749.8 8863.22 3742.76 35555.3 1336.31   28615   35866 40383.6 12027.5 31332.1   17707 8329.55 27084.1 896.685 7119.63 18942.8 25210.1 2475.63 4277.25 19260.5 2278.99 12958.7 18042.3 22909.1 49502.2 11082.5 41735.5 69843.1 72279.2   71921  149274 63893.6 90206.1   45255 38057.1 163.046
57.5234    13.0959    8745.51 39209.5 20202.8 53027.4 80668.9 63903.5   75862 5004.85   53397 15296.6 14108.4 38534.3 93476.7 32273.7 52639.9 12107.5 11031.3 15893.6 2432.03 3163.38   19561 486.438 11946.6 19928.5 23071.3 52800.5   12443 29966.4 38222.8   27432 23177.4 96030.7  112235 68059.6  143650  161897 51519.3 98445.2 40873.9 44062.1 425.268
57.5238    0.000311492    8746.91 39213.4 20203.6 53029.9 80671.7 63906.5 75862.7 5004.63 53396.1 15296.7 14108.1 38534.7 93478.1 32275.3 52639.6   12107   11031 15893.7 2432.01 3163.68 19561.2 486.371 11946.2 19928.7 23071.6 52801.2 12442.3 29967.3   38223 27430.9 23175.7 96032.8  112237 68061.5  143653  161899 51518.3 98443.9 40874.1 44062.3 425.278
57.5241    0.000311492    8748.31 39217.5 20205.9 53036.1 80679.4 63913.8 75860.2 5003.33 53392.3 15296.4 14107.7 38534.5 93473.3 32270.5 52637.3 12105.3 11029.5 15893.6 2431.32 3164.52 19559.8 487.164 11945.1 19929.6 23070.4 52800.1 12441.2 29969.8 38221.1 27427.5 23172.6 96036.9  112232 68050.2  143654  161899 51518.4 98441.1 40873.2 44061.5 425.306
57.5244    0.00037379       8750 39222.8 20210.6 53048.6 80695.8 63928.8 75852.6  5000.2 53383.6 15295.6   14107 38533.5 93458.9 32255.8 52632.1 12101.8 11026.1 15893.1 2429.54 3166.29 19555.9 489.377 11942.7 19931.6   23067   52796 12439.4 29974.9 38216.1 27420.5 23166.6 96045.1  112217 68017.8  143652  161896 51520.3 98435.9 40870.5 44058.9 425.386
4.5833    4.5833    0 0 0 0 0 0 0 0 0 0 0 0 0 0 0 0 0 0 0 0 0 0 0 0 0 0 0 0 0 0 0 0 0 0 0 0 0 0 0 0 0
9.1666    4.5833    1880.55 1769.33  2144.3 2102.75 5733.88 9131.57 13925.4 2180.55  3858.1 9818.03 11324.6 76395.6 64010.9 15200.3 18841.4 88009.8 53146.8 34751.9 27941.5 96440.9 57930.4   43480   26191  101086 58578.6 44227.1 28987.9 92848.4 66475.9 33583.9   25841  101306 53087.8   45483 53113.1  104946  125309 9283.07 25709.3 14430.7 141.778
14.6666    5.49996    6913.12 8278.06 6039.22 13476.7   25360 22139.3 15348.1 3697.77 11621.3 5125.65 10949.1 12414.2 16190.4 7173.24  6534.3 43443.3 24510.2 25366.2   15125 57342.2 30375.2 32935.4 17862.4 53315.9 35302.5 23881.3 20657.5 48437.4 33333.7 19364.8 19894.6 71668.7 31927.4   63978 22813.5 83786.5   54200 71736.3 17731.2 16599.4 210.433
21.2665    6.59995    10163.7 21816.2 4790.83 23977.5 28952.7 32153.3 10850.1 4676.46 12814.1 893.497 11552.5 22213.5 54741.7 45654.7 12291.3 15541.2 15779.7   20971 3672.91 7897.56 22185.1 22828.4 2978.46 9851.99 22174.7 15394.6 2798.32 19291.7   26538 10977.9 11644.8 39295.2 32993.5 25468.5 42793.7   67651 50295.5 38654.8 14174.4 14541.6 153.145
29.1864    7.91994    11519.6   26647 9674.89 15080.2 56479.4 20252.1 33615.6 15830.5 7894.35 5372.06 17688.3   65840 61117.7 14639.5 11445.8 40267.7 65415.6 35869.5 11706.8 12639.5 61256.9 56067.7 5521.84 10768.1 53112.3 45468.7 4019.03 6541.93 30149.8 49389.6 16074.5 28217.3 61226.3 21855.2 57740.9 85193.4 60875.9 71634.5 9110.99 8861.68 218.847
38.6904    9.50393      14378 57881.2 10345.2 24986.1 42718.6 40386.4 55787.1 18298.2 17384.5 20855.4 12890.2 59815.9 52723.1 18605.8 10021.6 30432.6 4453.95   31069 1965.41 21743.7 16605.2 8529.04 5899.45 10104.3 17664.3 11226.8 13006.8 23721.4 30430.3 33311.8  5345.8 43283.9 91313.7 94657.2 81065.4  165096 93168.8 87892.3 40547.6 35125.6  176.55
50.0951    11.4047    47731.4 47221.8 13992.3 86790.3 86468.5  101322 22343.6 22320.8 39383.6   40417 12511.5 4781.36 16069.9 18169.5 8319.77 6305.74 6230.79 9763.04 16271.8 7328.83 22316.6 17803.8 15145.6   15902 27882.3 51924.6 7495.31 17672.7 51962.5 25941.1   23159  110608  127845   71803  155876  169656   50069 99259.3 30183.1   38548 471.634
63.7807    13.6857    68324.4   81854 13966.9  125821  127630  103160  124263 16202.8   69039 54364.4 27697.5  155131 81961.1   89606 40516.2 71089.8 21690.4 57537.4 7908.45 35975.7 17919.7 41152.9 6058.68 17487.8 26914.7   15170 15756.9 24317.7   71369   40100 15837.1   92044  233583  210480  220242  332205  130475  158159 44940.2 52367.5 58.0784
63.7808    0.0001    68325.3 81855.8   13967  125821  127630  103160  124263 16202.9 69039.2 54364.5 27697.6  155131 81961.7 89605.7 40516.3 71089.9 21690.6 57537.6 7908.34 35975.7 17920.1 41153.5 6058.63 17487.9 26914.9 15170.5 15756.6 24317.7   71370 40099.9 15836.7 92044.2  233588  210486  220244  332206  130473  158159 44940.4 52367.6 58.0768
63.7809    0.0001    68326.1 81857.8 13967.1  125821  127631  103160  124263 16202.7 69038.9 54364.2 27697.6  155131 81962.3 89605.5 40516.3 71090.1 21690.6 57537.9  7908.2 35975.7 17920.3 41153.9 6058.55 17487.9   26915 15170.8 15756.2 24317.4 71370.8 40099.4 15836.1 92044.7  233591  210491  220246  332207  130472  158159 44940.4 52367.5 58.0674
4.5833    4.5833    0 0 0 0 0 0 0 0 0 0 0 0 0 0 0 0 0 0 0 0 0 0 0 0 0 0 0 0 0 0 0 0 0 0 0 0 0 0 0 0 0
9.1666    4.5833    1880.55 1769.33  2144.3 2102.75 5733.88 9131.57 13925.4 2180.55  3858.1 9818.03 11324.6 76395.6 64010.9 15200.3 18841.4 88009.8 53146.8 34751.9 27941.5 96440.9 57930.4   43480   26191  101086 58578.6 44227.1 28987.9 92848.4 66475.9 33583.9   25841  101306 53087.8   45483 53113.1  104946  125309 9283.07 25709.3 14430.7 141.778
14.6666    5.49996    6913.12 8278.06 6039.22 13476.7   25360 22139.3 15348.1 3697.77 11621.3 5125.65 10949.1 12414.2 16190.4 7173.24  6534.3 43443.3 24510.2 25366.2   15125 57342.2 30375.2 32935.4 17862.4 53315.9 35302.5 23881.3 20657.5 48437.4 33333.7 19364.8 19894.6 71668.7 31927.4   63978 22813.5 83786.5   54200 71736.3 17731.2 16599.4 210.433
21.2665    6.59995    10163.7 21816.2 4790.83 23977.5 28952.7 32153.3 10850.1 4676.46 12814.1 893.497 11552.5 22213.5 54741.7 45654.7 12291.3 15541.2 15779.7   20971 3672.91 7897.56 22185.1 22828.4 2978.46 9851.99 22174.7 15394.6 2798.32 19291.7   26538 10977.9 11644.8 39295.2 32993.5 25468.5 42793.7   67651 50295.5 38654.8 14174.4 14541.6 153.145
29.1864    7.91994    11519.6   26647 9674.89 15080.2 56479.4 20252.1 33615.6 15830.5 7894.35 5372.06 17688.3   65840 61117.7 14639.5 11445.8 40267.7 65415.6 35869.5 11706.8 12639.5 61256.9 56067.7 5521.84 10768.1 53112.3 45468.7 4019.03 6541.93 30149.8 49389.6 16074.5 28217.3 61226.3 21855.2 57740.9 85193.4 60875.9 71634.5 9110.99 8861.68 218.847
38.6904    9.50393      14378 57881.2 10345.2 24986.1 42718.6 40386.4 55787.1 18298.2 17384.5 20855.4 12890.2 59815.9 52723.1 18605.8 10021.6 30432.6 4453.95   31069 1965.41 21743.7 16605.2 8529.04 5899.45 10104.3 17664.3 11226.8 13006.8 23721.4 30430.3 33311.8  5345.8 43283.9 91313.7 94657.2 81065.4  165096 93168.8 87892.3 40547.6 35125.6  176.55
50.0951    11.4047    47731.4 47221.8 13992.3 86790.3 86468.5  101322 22343.6 22320.8 39383.6   40417 12511.5 4781.36 16069.9 18169.5 8319.77 6305.74 6230.79 9763.04 16271.8 7328.83 22316.6 17803.8 15145.6   15902 27882.3 51924.6 7495.31 17672.7 51962.5 25941.1   23159  110608  127845   71803  155876  169656   50069 99259.3 30183.1   38548 471.634
63.7807    13.6857    68324.4   81854 13966.9  125821  127630  103160  124263 16202.8   69039 54364.4 27697.5  155131 81961.1   89606 40516.2 71089.8 21690.4 57537.4 7908.45 35975.7 17919.7 41152.9 6058.68 17487.8 26914.7   15170 15756.9 24317.7   71369   40100 15837.1   92044  233583  210480  220242  332205  130475  158159 44940.2 52367.5 58.0784
63.7808    0.0001    68325.3 81855.8   13967  125821  127630  103160  124263 16202.9 69039.2 54364.5 27697.6  155131 81961.7 89605.7 40516.3 71089.9 21690.6 57537.6 7908.34 35975.7 17920.1 41153.5 6058.63 17487.9 26914.9 15170.5 15756.6 24317.7   71370 40099.9 15836.7 92044.2  233588  210486  220244  332206  130473  158159 44940.4 52367.6 58.0768
63.7809    0.0001    68326.1 81857.8 13967.1  125821  127631  103160  124263 16202.7 69038.9 54364.2 27697.6  155131 81962.3 89605.5 40516.3 71090.1 21690.6 57537.9  7908.2 35975.7 17920.3 41153.9 6058.55 17487.9   26915 15170.8 15756.2 24317.4 71370.8 40099.4 15836.1 92044.7  233591  210491  220246  332207  130472  158159 44940.4 52367.5 58.0674
4.5833    4.5833    0 0 0 0 0 0 0 0 0 0 0 0 0 0 0 0 0 0 0 0 0 0 0 0 0 0 0 0 0 0 0 0 0 0 0 0 0 0 0 0 0
9.1666    4.5833    1880.55 1769.33  2144.3 2102.75 5733.88 9131.57 13925.4 2180.55  3858.1 9818.03 11324.6 76395.6 64010.9 15200.3 18841.4 88009.8 53146.8 34751.9 27941.5 96440.9 57930.4   43480   26191  101086 58578.6 44227.1 28987.9 92848.4 66475.9 33583.9   25841  101306 53087.8   45483 53113.1  104946  125309 9283.07 25709.3 14430.7 141.778
14.6666    5.49996    6913.12 8278.06 6039.22 13476.7   25360 22139.3 15348.1 3697.77 11621.3 5125.65 10949.1 12414.2 16190.4 7173.24  6534.3 43443.3 24510.2 25366.2   15125 57342.2 30375.2 32935.4 17862.4 53315.9 35302.5 23881.3 20657.5 48437.4 33333.7 19364.8 19894.6 71668.7 31927.4   63978 22813.5 83786.5   54200 71736.3 17731.2 16599.4 210.433
21.2665    6.59995    10163.7 21816.2 4790.83 23977.5 28952.7 32153.3 10850.1 4676.46 12814.1 893.497 11552.5 22213.5 54741.7 45654.7 12291.3 15541.2 15779.7   20971 3672.91 7897.56 22185.1 22828.4 2978.46 9851.99 22174.7 15394.6 2798.32 19291.7   26538 10977.9 11644.8 39295.2 32993.5 25468.5 42793.7   67651 50295.5 38654.8 14174.4 14541.6 153.145
29.1864    7.91994    11519.6   26647 9674.89 15080.2 56479.4 20252.1 33615.6 15830.5 7894.35 5372.06 17688.3   65840 61117.7 14639.5 11445.8 40267.7 65415.6 35869.5 11706.8 12639.5 61256.9 56067.7 5521.84 10768.1 53112.3 45468.7 4019.03 6541.93 30149.8 49389.6 16074.5 28217.3 61226.3 21855.2 57740.9 85193.4 60875.9 71634.5 9110.99 8861.68 218.847
38.6904    9.50393      14378 57881.2 10345.2 24986.1 42718.6 40386.4 55787.1 18298.2 17384.5 20855.4 12890.2 59815.9 52723.1 18605.8 10021.6 30432.6 4453.95   31069 1965.41 21743.7 16605.2 8529.04 5899.45 10104.3 17664.3 11226.8 13006.8 23721.4 30430.3 33311.8  5345.8 43283.9 91313.7 94657.2 81065.4  165096 93168.8 87892.3 40547.6 35125.6  176.55
50.0951    11.4047    47731.4 47221.8 13992.3 86790.3 86468.5  101322 22343.6 22320.8 39383.6   40417 12511.5 4781.36 16069.9 18169.5 8319.77 6305.74 6230.79 9763.04 16271.8 7328.83 22316.6 17803.8 15145.6   15902 27882.3 51924.6 7495.31 17672.7 51962.5 25941.1   23159  110608  127845   71803  155876  169656   50069 99259.3 30183.1   38548 471.634
63.7807    13.6857    68324.4   81854 13966.9  125821  127630  103160  124263 16202.8   69039 54364.4 27697.5  155131 81961.1   89606 40516.2 71089.8 21690.4 57537.4 7908.45 35975.7 17919.7 41152.9 6058.68 17487.8 26914.7   15170 15756.9 24317.7   71369   40100 15837.1   92044  233583  210480  220242  332205  130475  158159 44940.2 52367.5 58.0784
63.7808    0.0001    68325.3 81855.8   13967  125821  127630  103160  124263 16202.9 69039.2 54364.5 27697.6  155131 81961.7 89605.7 40516.3 71089.9 21690.6 57537.6 7908.34 35975.7 17920.1 41153.5 6058.63 17487.9 26914.9 15170.5 15756.6 24317.7   71370 40099.9 15836.7 92044.2  233588  210486  220244  332206  130473  158159 44940.4 52367.6 58.0768
63.7809    0.0001    68326.1 81857.8 13967.1  125821  127631  103160  124263 16202.7 69038.9 54364.2 27697.6  155131 81962.3 89605.5 40516.3 71090.1 21690.6 57537.9  7908.2 35975.7 17920.3 41153.9 6058.55 17487.9   26915 15170.8 15756.2 24317.4 71370.8 40099.4 15836.1 92044.7  233591  210491  220246  332207  130472  158159 44940.4 52367.5 58.0674
4.5833    4.5833    0 0 0 0 0 0 0 0 0 0 0 0 0 0 0 0 0 0 0 0 0 0 0 0 0 0 0 0 0 0 0 0 0 0 0 0 0 0 0 0 0
9.1666    4.5833    1880.55 1769.33  2144.3 2102.75 5733.88 9131.57 13925.4 2180.55  3858.1 9818.03 11324.6 76395.6 64010.9 15200.3 18841.4 88009.8 53146.8 34751.9 27941.5 96440.9 57930.4   43480   26191  101086 58578.6 44227.1 28987.9 92848.4 66475.9 33583.9   25841  101306 53087.8   45483 53113.1  104946  125309 9283.07 25709.3 14430.7 141.778
14.6666    5.49996    6913.12 8278.06 6039.22 13476.7   25360 22139.3 15348.1 3697.77 11621.3 5125.65 10949.1 12414.2 16190.4 7173.24  6534.3 43443.3 24510.2 25366.2   15125 57342.2 30375.2 32935.4 17862.4 53315.9 35302.5 23881.3 20657.5 48437.4 33333.7 19364.8 19894.6 71668.7 31927.4   63978 22813.5 83786.5   54200 71736.3 17731.2 16599.4 210.433
21.2665    6.59995    10163.7 21816.2 4790.83 23977.5 28952.7 32153.3 10850.1 4676.46 12814.1 893.497 11552.5 22213.5 54741.7 45654.7 12291.3 15541.2 15779.7   20971 3672.91 7897.56 22185.1 22828.4 2978.46 9851.99 22174.7 15394.6 2798.32 19291.7   26538 10977.9 11644.8 39295.2 32993.5 25468.5 42793.7   67651 50295.5 38654.8 14174.4 14541.6 153.145
29.1864    7.91994    11519.6   26647 9674.89 15080.2 56479.4 20252.1 33615.6 15830.5 7894.35 5372.06 17688.3   65840 61117.7 14639.5 11445.8 40267.7 65415.6 35869.5 11706.8 12639.5 61256.9 56067.7 5521.84 10768.1 53112.3 45468.7 4019.03 6541.93 30149.8 49389.6 16074.5 28217.3 61226.3 21855.2 57740.9 85193.4 60875.9 71634.5 9110.99 8861.68 218.847
38.6904    9.50393      14378 57881.2 10345.2 24986.1 42718.6 40386.4 55787.1 18298.2 17384.5 20855.4 12890.2 59815.9 52723.1 18605.8 10021.6 30432.6 4453.95   31069 1965.41 21743.7 16605.2 8529.04 5899.45 10104.3 17664.3 11226.8 13006.8 23721.4 30430.3 33311.8  5345.8 43283.9 91313.7 94657.2 81065.4  165096 93168.8 87892.3 40547.6 35125.6  176.55
50.0951    11.4047    47731.4 47221.8 13992.3 86790.3 86468.5  101322 22343.6 22320.8 39383.6   40417 12511.5 4781.36 16069.9 18169.5 8319.77 6305.74 6230.79 9763.04 16271.8 7328.83 22316.6 17803.8 15145.6   15902 27882.3 51924.6 7495.31 17672.7 51962.5 25941.1   23159  110608  127845   71803  155876  169656   50069 99259.3 30183.1   38548 471.634
63.7807    13.6857    68324.4   81854 13966.9  125821  127630  103160  124263 16202.8   69039 54364.4 27697.5  155131 81961.1   89606 40516.2 71089.8 21690.4 57537.4 7908.45 35975.7 17919.7 41152.9 6058.68 17487.8 26914.7   15170 15756.9 24317.7   71369   40100 15837.1   92044  233583  210480  220242  332205  130475  158159 44940.2 52367.5 58.0784
63.7808    0.0001    68325.3 81855.8   13967  125821  127630  103160  124263 16202.9 69039.2 54364.5 27697.6  155131 81961.7 89605.7 40516.3 71089.9 21690.6 57537.6 7908.34 35975.7 17920.1 41153.5 6058.63 17487.9 26914.9 15170.5 15756.6 24317.7   71370 40099.9 15836.7 92044.2  233588  210486  220244  332206  130473  158159 44940.4 52367.6 58.0768
63.7809    0.0001    68326.1 81857.8 13967.1  125821  127631  103160  124263 16202.7 69038.9 54364.2 27697.6  155131 81962.3 89605.5 40516.3 71090.1 21690.6 57537.9  7908.2 35975.7 17920.3 41153.9 6058.55 17487.9   26915 15170.8 15756.2 24317.4 71370.8 40099.4 15836.1 92044.7  233591  210491  220246  332207  130472  158159 44940.4 52367.5 58.0674
4.5833    4.5833    0 0 0 0 0 0 0 0 0 0 0 0 0 0 0 0 0 0 0 0 0 0 0 0 0 0 0 0 0 0 0 0 0 0 0 0 0 0 0 0 0
9.1666    4.5833    1880.55 1769.33  2144.3 2102.75 5733.88 9131.57 13925.4 2180.55  3858.1 9818.03 11324.6 76395.6 64010.9 15200.3 18841.4 88009.8 53146.8 34751.9 27941.5 96440.9 57930.4   43480   26191  101086 58578.6 44227.1 28987.9 92848.4 66475.9 33583.9   25841  101306 53087.8   45483 53113.1  104946  125309 9283.07 25709.3 14430.7 141.778
14.6666    5.49996    6913.12 8278.06 6039.22 13476.7   25360 22139.3 15348.1 3697.77 11621.3 5125.65 10949.1 12414.2 16190.4 7173.24  6534.3 43443.3 24510.2 25366.2   15125 57342.2 30375.2 32935.4 17862.4 53315.9 35302.5 23881.3 20657.5 48437.4 33333.7 19364.8 19894.6 71668.7 31927.4   63978 22813.5 83786.5   54200 71736.3 17731.2 16599.4 210.433
21.2665    6.59995    10163.7 21816.2 4790.83 23977.5 28952.7 32153.3 10850.1 4676.46 12814.1 893.497 11552.5 22213.5 54741.7 45654.7 12291.3 15541.2 15779.7   20971 3672.91 7897.56 22185.1 22828.4 2978.46 9851.99 22174.7 15394.6 2798.32 19291.7   26538 10977.9 11644.8 39295.2 32993.5 25468.5 42793.7   67651 50295.5 38654.8 14174.4 14541.6 153.145
29.1864    7.91994    11519.6   26647 9674.89 15080.2 56479.4 20252.1 33615.6 15830.5 7894.35 5372.06 17688.3   65840 61117.7 14639.5 11445.8 40267.7 65415.6 35869.5 11706.8 12639.5 61256.9 56067.7 5521.84 10768.1 53112.3 45468.7 4019.03 6541.93 30149.8 49389.6 16074.5 28217.3 61226.3 21855.2 57740.9 85193.4 60875.9 71634.5 9110.99 8861.68 218.847
38.6904    9.50393      14378 57881.2 10345.2 24986.1 42718.6 40386.4 55787.1 18298.2 17384.5 20855.4 12890.2 59815.9 52723.1 18605.8 10021.6 30432.6 4453.95   31069 1965.41 21743.7 16605.2 8529.04 5899.45 10104.3 17664.3 11226.8 13006.8 23721.4 30430.3 33311.8  5345.8 43283.9 91313.7 94657.2 81065.4  165096 93168.8 87892.3 40547.6 35125.6  176.55
50.0951    11.4047    47731.4 47221.8 13992.3 86790.3 86468.5  101322 22343.6 22320.8 39383.6   40417 12511.5 4781.36 16069.9 18169.5 8319.77 6305.74 6230.79 9763.04 16271.8 7328.83 22316.6 17803.8 15145.6   15902 27882.3 51924.6 7495.31 17672.7 51962.5 25941.1   23159  110608  127845   71803  155876  169656   50069 99259.3 30183.1   38548 471.634
63.7807    13.6857    68324.4   81854 13966.9  125821  127630  103160  124263 16202.8   69039 54364.4 27697.5  155131 81961.1   89606 40516.2 71089.8 21690.4 57537.4 7908.45 35975.7 17919.7 41152.9 6058.68 17487.8 26914.7   15170 15756.9 24317.7   71369   40100 15837.1   92044  233583  210480  220242  332205  130475  158159 44940.2 52367.5 58.0784
63.7808    0.0001    68325.3 81855.8   13967  125821  127630  103160  124263 16202.9 69039.2 54364.5 27697.6  155131 81961.7 89605.7 40516.3 71089.9 21690.6 57537.6 7908.34 35975.7 17920.1 41153.5 6058.63 17487.9 26914.9 15170.5 15756.6 24317.7   71370 40099.9 15836.7 92044.2  233588  210486  220244  332206  130473  158159 44940.4 52367.6 58.0768
63.7809    0.0001    68326.1 81857.8 13967.1  125821  127631  103160  124263 16202.7 69038.9 54364.2 27697.6  155131 81962.3 89605.5 40516.3 71090.1 21690.6 57537.9  7908.2 35975.7 17920.3 41153.9 6058.55 17487.9   26915 15170.8 15756.2 24317.4 71370.8 40099.4 15836.1 92044.7  233591  210491  220246  332207  130472  158159 44940.4 52367.5 58.0674
4.5833    4.5833    0 0 0 0 0 0 0 0 0 0 0 0 0 0 0 0 0 0 0 0 0 0 0 0 0 0 0 0 0 0 0 0 0 0 0 0 0 0 0 0 0
9.1666    4.5833    1880.55 1769.33  2144.3 2102.75 5733.88 9131.57 13925.4 2180.55  3858.1 9818.03 11324.6 76395.6 64010.9 15200.3 18841.4 88009.8 53146.8 34751.9 27941.5 96440.9 57930.4   43480   26191  101086 58578.6 44227.1 28987.9 92848.4 66475.9 33583.9   25841  101306 53087.8   45483 53113.1  104946  125309 9283.07 25709.3 14430.7 141.778
14.6666    5.49996    6913.12 8278.06 6039.22 13476.7   25360 22139.3 15348.1 3697.77 11621.3 5125.65 10949.1 12414.2 16190.4 7173.24  6534.3 43443.3 24510.2 25366.2   15125 57342.2 30375.2 32935.4 17862.4 53315.9 35302.5 23881.3 20657.5 48437.4 33333.7 19364.8 19894.6 71668.7 31927.4   63978 22813.5 83786.5   54200 71736.3 17731.2 16599.4 210.433
21.2665    6.59995    10163.7 21816.2 4790.83 23977.5 28952.7 32153.3 10850.1 4676.46 12814.1 893.497 11552.5 22213.5 54741.7 45654.7 12291.3 15541.2 15779.7   20971 3672.91 7897.56 22185.1 22828.4 2978.46 9851.99 22174.7 15394.6 2798.32 19291.7   26538 10977.9 11644.8 39295.2 32993.5 25468.5 42793.7   67651 50295.5 38654.8 14174.4 14541.6 153.145
29.1864    7.91994    11519.6   26647 9674.89 15080.2 56479.4 20252.1 33615.6 15830.5 7894.35 5372.06 17688.3   65840 61117.7 14639.5 11445.8 40267.7 65415.6 35869.5 11706.8 12639.5 61256.9 56067.7 5521.84 10768.1 53112.3 45468.7 4019.03 6541.93 30149.8 49389.6 16074.5 28217.3 61226.3 21855.2 57740.9 85193.4 60875.9 71634.5 9110.99 8861.68 218.847
38.6904    9.50393      14378 57881.2 10345.2 24986.1 42718.6 40386.4 55787.1 18298.2 17384.5 20855.4 12890.2 59815.9 52723.1 18605.8 10021.6 30432.6 4453.95   31069 1965.41 21743.7 16605.2 8529.04 5899.45 10104.3 17664.3 11226.8 13006.8 23721.4 30430.3 33311.8  5345.8 43283.9 91313.7 94657.2 81065.4  165096 93168.8 87892.3 40547.6 35125.6  176.55
50.0951    11.4047    47731.4 47221.8 13992.3 86790.3 86468.5  101322 22343.6 22320.8 39383.6   40417 12511.5 4781.36 16069.9 18169.5 8319.77 6305.74 6230.79 9763.04 16271.8 7328.83 22316.6 17803.8 15145.6   15902 27882.3 51924.6 7495.31 17672.7 51962.5 25941.1   23159  110608  127845   71803  155876  169656   50069 99259.3 30183.1   38548 471.634
63.7807    13.6857    68324.4   81854 13966.9  125821  127630  103160  124263 16202.8   69039 54364.4 27697.5  155131 81961.1   89606 40516.2 71089.8 21690.4 57537.4 7908.45 35975.7 17919.7 41152.9 6058.68 17487.8 26914.7   15170 15756.9 24317.7   71369   40100 15837.1   92044  233583  210480  220242  332205  130475  158159 44940.2 52367.5 58.0784
63.7808    0.0001    68325.3 81855.8   13967  125821  127630  103160  124263 16202.9 69039.2 54364.5 27697.6  155131 81961.7 89605.7 40516.3 71089.9 21690.6 57537.6 7908.34 35975.7 17920.1 41153.5 6058.63 17487.9 26914.9 15170.5 15756.6 24317.7   71370 40099.9 15836.7 92044.2  233588  210486  220244  332206  130473  158159 44940.4 52367.6 58.0768
63.7809    0.0001    68326.1 81857.8 13967.1  125821  127631  103160  124263 16202.7 69038.9 54364.2 27697.6  155131 81962.3 89605.5 40516.3 71090.1 21690.6 57537.9  7908.2 35975.7 17920.3 41153.9 6058.55 17487.9   26915 15170.8 15756.2 24317.4 71370.8 40099.4 15836.1 92044.7  233591  210491  220246  332207  130472  158159 44940.4 52367.5 58.0674
4.5833    4.5833    0 0 0 0 0 0 0 0 0 0 0 0 0 0 0 0 0 0 0 0 0 0 0 0 0 0 0 0 0 0 0 0 0 0 0 0 0 0 0 0 0
9.1666    4.5833    1880.55 1769.33  2144.3 2102.75 5733.88 9131.57 13925.4 2180.55  3858.1 9818.03 11324.6 76395.6 64010.9 15200.3 18841.4 88009.8 53146.8 34751.9 27941.5 96440.9 57930.4   43480   26191  101086 58578.6 44227.1 28987.9 92848.4 66475.9 33583.9   25841  101306 53087.8   45483 53113.1  104946  125309 9283.07 25709.3 14430.7 141.778
14.6666    5.49996    6913.12 8278.06 6039.22 13476.7   25360 22139.3 15348.1 3697.77 11621.3 5125.65 10949.1 12414.2 16190.4 7173.24  6534.3 43443.3 24510.2 25366.2   15125 57342.2 30375.2 32935.4 17862.4 53315.9 35302.5 23881.3 20657.5 48437.4 33333.7 19364.8 19894.6 71668.7 31927.4   63978 22813.5 83786.5   54200 71736.3 17731.2 16599.4 210.433
21.2665    6.59995    10163.7 21816.2 4790.83 23977.5 28952.7 32153.3 10850.1 4676.46 12814.1 893.497 11552.5 22213.5 54741.7 45654.7 12291.3 15541.2 15779.7   20971 3672.91 7897.56 22185.1 22828.4 2978.46 9851.99 22174.7 15394.6 2798.32 19291.7   26538 10977.9 11644.8 39295.2 32993.5 25468.5 42793.7   67651 50295.5 38654.8 14174.4 14541.6 153.145
29.1864    7.91994    11519.6   26647 9674.89 15080.2 56479.4 20252.1 33615.6 15830.5 7894.35 5372.06 17688.3   65840 61117.7 14639.5 11445.8 40267.7 65415.6 35869.5 11706.8 12639.5 61256.9 56067.7 5521.84 10768.1 53112.3 45468.7 4019.03 6541.93 30149.8 49389.6 16074.5 28217.3 61226.3 21855.2 57740.9 85193.4 60875.9 71634.5 9110.99 8861.68 218.847
38.6904    9.50393      14378 57881.2 10345.2 24986.1 42718.6 40386.4 55787.1 18298.2 17384.5 20855.4 12890.2 59815.9 52723.1 18605.8 10021.6 30432.6 4453.95   31069 1965.41 21743.7 16605.2 8529.04 5899.45 10104.3 17664.3 11226.8 13006.8 23721.4 30430.3 33311.8  5345.8 43283.9 91313.7 94657.2 81065.4  165096 93168.8 87892.3 40547.6 35125.6  176.55
50.0951    11.4047    47731.4 47221.8 13992.3 86790.3 86468.5  101322 22343.6 22320.8 39383.6   40417 12511.5 4781.36 16069.9 18169.5 8319.77 6305.74 6230.79 9763.04 16271.8 7328.83 22316.6 17803.8 15145.6   15902 27882.3 51924.6 7495.31 17672.7 51962.5 25941.1   23159  110608  127845   71803  155876  169656   50069 99259.3 30183.1   38548 471.634
63.7807    13.6857    68324.4   81854 13966.9  125821  127630  103160  124263 16202.8   69039 54364.4 27697.5  155131 81961.1   89606 40516.2 71089.8 21690.4 57537.4 7908.45 35975.7 17919.7 41152.9 6058.68 17487.8 26914.7   15170 15756.9 24317.7   71369   40100 15837.1   92044  233583  210480  220242  332205  130475  158159 44940.2 52367.5 58.0784
63.7808    0.0001    68325.3 81855.8   13967  125821  127630  103160  124263 16202.9 69039.2 54364.5 27697.6  155131 81961.7 89605.7 40516.3 71089.9 21690.6 57537.6 7908.34 35975.7 17920.1 41153.5 6058.63 17487.9 26914.9 15170.5 15756.6 24317.7   71370 40099.9 15836.7 92044.2  233588  210486  220244  332206  130473  158159 44940.4 52367.6 58.0768
63.7809    0.0001    68326.1 81857.8 13967.1  125821  127631  103160  124263 16202.7 69038.9 54364.2 27697.6  155131 81962.3 89605.5 40516.3 71090.1 21690.6 57537.9  7908.2 35975.7 17920.3 41153.9 6058.55 17487.9   26915 15170.8 15756.2 24317.4 71370.8 40099.4 15836.1 92044.7  233591  210491  220246  332207  130472  158159 44940.4 52367.5 58.0674
4.5833    4.5833    0 0 0 0 0 0 0 0 0 0 0 0 0 0 0 0 0 0 0 0 0 0 0 0 0 0 0 0 0 0 0 0 0 0 0 0 0 0 0 0 0
9.1666    4.5833    1880.55 1769.33  2144.3 2102.75 5733.88 9131.57 13925.4 2180.55  3858.1 9818.03 11324.6 76395.6 64010.9 15200.3 18841.4 88009.8 53146.8 34751.9 27941.5 96440.9 57930.4   43480   26191  101086 58578.6 44227.1 28987.9 92848.4 66475.9 33583.9   25841  101306 53087.8   45483 53113.1  104946  125309 9283.07 25709.3 14430.7 141.778
14.6666    5.49996    6913.12 8278.06 6039.22 13476.7   25360 22139.3 15348.1 3697.77 11621.3 5125.65 10949.1 12414.2 16190.4 7173.24  6534.3 43443.3 24510.2 25366.2   15125 57342.2 30375.2 32935.4 17862.4 53315.9 35302.5 23881.3 20657.5 48437.4 33333.7 19364.8 19894.6 71668.7 31927.4   63978 22813.5 83786.5   54200 71736.3 17731.2 16599.4 210.433
21.2665    6.59995    10163.7 21816.2 4790.83 23977.5 28952.7 32153.3 10850.1 4676.46 12814.1 893.497 11552.5 22213.5 54741.7 45654.7 12291.3 15541.2 15779.7   20971 3672.91 7897.56 22185.1 22828.4 2978.46 9851.99 22174.7 15394.6 2798.32 19291.7   26538 10977.9 11644.8 39295.2 32993.5 25468.5 42793.7   67651 50295.5 38654.8 14174.4 14541.6 153.145
29.1864    7.91994    11519.6   26647 9674.89 15080.2 56479.4 20252.1 33615.6 15830.5 7894.35 5372.06 17688.3   65840 61117.7 14639.5 11445.8 40267.7 65415.6 35869.5 11706.8 12639.5 61256.9 56067.7 5521.84 10768.1 53112.3 45468.7 4019.03 6541.93 30149.8 49389.6 16074.5 28217.3 61226.3 21855.2 57740.9 85193.4 60875.9 71634.5 9110.99 8861.68 218.847
38.6904    9.50393      14378 57881.2 10345.2 24986.1 42718.6 40386.4 55787.1 18298.2 17384.5 20855.4 12890.2 59815.9 52723.1 18605.8 10021.6 30432.6 4453.95   31069 1965.41 21743.7 16605.2 8529.04 5899.45 10104.3 17664.3 11226.8 13006.8 23721.4 30430.3 33311.8  5345.8 43283.9 91313.7 94657.2 81065.4  165096 93168.8 87892.3 40547.6 35125.6  176.55
50.0951    11.4047    47731.4 47221.8 13992.3 86790.3 86468.5  101322 22343.6 22320.8 39383.6   40417 12511.5 4781.36 16069.9 18169.5 8319.77 6305.74 6230.79 9763.04 16271.8 7328.83 22316.6 17803.8 15145.6   15902 27882.3 51924.6 7495.31 17672.7 51962.5 25941.1   23159  110608  127845   71803  155876  169656   50069 99259.3 30183.1   38548 471.634
63.7807    13.6857    68324.4   81854 13966.9  125821  127630  103160  124263 16202.8   69039 54364.4 27697.5  155131 81961.1   89606 40516.2 71089.8 21690.4 57537.4 7908.45 35975.7 17919.7 41152.9 6058.68 17487.8 26914.7   15170 15756.9 24317.7   71369   40100 15837.1   92044  233583  210480  220242  332205  130475  158159 44940.2 52367.5 58.0784
63.7808    0.0001    68325.3 81855.8   13967  125821  127630  103160  124263 16202.9 69039.2 54364.5 27697.6  155131 81961.7 89605.7 40516.3 71089.9 21690.6 57537.6 7908.34 35975.7 17920.1 41153.5 6058.63 17487.9 26914.9 15170.5 15756.6 24317.7   71370 40099.9 15836.7 92044.2  233588  210486  220244  332206  130473  158159 44940.4 52367.6 58.0768
63.7809    0.0001    68326.1 81857.8 13967.1  125821  127631  103160  124263 16202.7 69038.9 54364.2 27697.6  155131 81962.3 89605.5 40516.3 71090.1 21690.6 57537.9  7908.2 35975.7 17920.3 41153.9 6058.55 17487.9   26915 15170.8 15756.2 24317.4 71370.8 40099.4 15836.1 92044.7  233591  210491  220246  332207  130472  158159 44940.4 52367.5 58.0674
4.5833    4.5833    0 0 0 0 0 0 0 0 0 0 0 0 0 0 0 0 0 0 0 0 0 0 0 0 0 0 0 0 0 0 0 0 0 0 0 0 0 0 0 0 0
9.1666    4.5833    1880.55 1769.33  2144.3 2102.75 5733.88 9131.57 13925.4 2180.55  3858.1 9818.03 11324.6 76395.6 64010.9 15200.3 18841.4 88009.8 53146.8 34751.9 27941.5 96440.9 57930.4   43480   26191  101086 58578.6 44227.1 28987.9 92848.4 66475.9 33583.9   25841  101306 53087.8   45483 53113.1  104946  125309 9283.07 25709.3 14430.7 141.778
14.6666    5.49996    6913.12 8278.06 6039.22 13476.7   25360 22139.3 15348.1 3697.77 11621.3 5125.65 10949.1 12414.2 16190.4 7173.24  6534.3 43443.3 24510.2 25366.2   15125 57342.2 30375.2 32935.4 17862.4 53315.9 35302.5 23881.3 20657.5 48437.4 33333.7 19364.8 19894.6 71668.7 31927.4   63978 22813.5 83786.5   54200 71736.3 17731.2 16599.4 210.433
21.2665    6.59995    10163.7 21816.2 4790.83 23977.5 28952.7 32153.3 10850.1 4676.46 12814.1 893.497 11552.5 22213.5 54741.7 45654.7 12291.3 15541.2 15779.7   20971 3672.91 7897.56 22185.1 22828.4 2978.46 9851.99 22174.7 15394.6 2798.32 19291.7   26538 10977.9 11644.8 39295.2 32993.5 25468.5 42793.7   67651 50295.5 38654.8 14174.4 14541.6 153.145
29.1864    7.91994    11519.6   26647 9674.89 15080.2 56479.4 20252.1 33615.6 15830.5 7894.35 5372.06 17688.3   65840 61117.7 14639.5 11445.8 40267.7 65415.6 35869.5 11706.8 12639.5 61256.9 56067.7 5521.84 10768.1 53112.3 45468.7 4019.03 6541.93 30149.8 49389.6 16074.5 28217.3 61226.3 21855.2 57740.9 85193.4 60875.9 71634.5 9110.99 8861.68 218.847
38.6904    9.50393      14378 57881.2 10345.2 24986.1 42718.6 40386.4 55787.1 18298.2 17384.5 20855.4 12890.2 59815.9 52723.1 18605.8 10021.6 30432.6 4453.95   31069 1965.41 21743.7 16605.2 8529.04 5899.45 10104.3 17664.3 11226.8 13006.8 23721.4 30430.3 33311.8  5345.8 43283.9 91313.7 94657.2 81065.4  165096 93168.8 87892.3 40547.6 35125.6  176.55
50.0951    11.4047    47731.4 47221.8 13992.3 86790.3 86468.5  101322 22343.6 22320.8 39383.6   40417 12511.5 4781.36 16069.9 18169.5 8319.77 6305.74 6230.79 9763.04 16271.8 7328.83 22316.6 17803.8 15145.6   15902 27882.3 51924.6 7495.31 17672.7 51962.5 25941.1   23159  110608  127845   71803  155876  169656   50069 99259.3 30183.1   38548 471.634
63.7807    13.6857    68324.4   81854 13966.9  125821  127630  103160  124263 16202.8   69039 54364.4 27697.5  155131 81961.1   89606 40516.2 71089.8 21690.4 57537.4 7908.45 35975.7 17919.7 41152.9 6058.68 17487.8 26914.7   15170 15756.9 24317.7   71369   40100 15837.1   92044  233583  210480  220242  332205  130475  158159 44940.2 52367.5 58.0784
63.7808    0.0001    68325.3 81855.8   13967  125821  127630  103160  124263 16202.9 69039.2 54364.5 27697.6  155131 81961.7 89605.7 40516.3 71089.9 21690.6 57537.6 7908.34 35975.7 17920.1 41153.5 6058.63 17487.9 26914.9 15170.5 15756.6 24317.7   71370 40099.9 15836.7 92044.2  233588  210486  220244  332206  130473  158159 44940.4 52367.6 58.0768
63.7809    0.0001    68326.1 81857.8 13967.1  125821  127631  103160  124263 16202.7 69038.9 54364.2 27697.6  155131 81962.3 89605.5 40516.3 71090.1 21690.6 57537.9  7908.2 35975.7 17920.3 41153.9 6058.55 17487.9   26915 15170.8 15756.2 24317.4 71370.8 40099.4 15836.1 92044.7  233591  210491  220246  332207  130472  158159 44940.4 52367.5 58.0674
9.89202    9.89202    0 0 0 0 0 0 0 0 0 0 0 0 0 0 0 0 0 0 0 0 0 0 0 0 0 0 0 0 0 0 0 0 0 0 0 0 0 0 0 0 0
19.784    9.89202    13175.3 33100.2 7577.56 2868.87 20721.9 4426.13 14262.8 1944.74 27.7995 29.1423 3977.75 50040.5 27813.9 22951.1 4038.37 1428.34 2138.01 2881.54 3480.41 4834.45 6490.75 2443.61 4807.76 6345.19 10803.6 4968.25 5605.87 4174.82 14012.6 10484.6 2754.17 4400.23   16562 18414.1 2039.69 20195.2 20679.4 2737.41 141.717 87.6043 104.633
31.6545    11.8704    5446.45 8866.67 5264.35 3208.27 22797.5 11111.4 10014.6 1373.52 60.8939 15.9157 5423.51 68793.8 35242.7 34454.6 5344.41 3569.66 3981.68 6614.38 4586.13 4109.84 8129.05  4801.4 6404.69 5310.96 11683.7 8273.57 7889.34 5706.12 14950.5 14753.1 4999.67 9606.06 15989.4 23275.1 2571.47 30400.1 30614.9 3618.35 50.8535 24.2228 82.9696
45.899    14.2445    4784.89  9715.5 4537.72 3739.12 26992.7 18061.8 7180.31 872.479  45.283  12.794 6093.64 86175.7 45646.3 41575.6 6034.68 6506.52 4409.54 9394.63 5356.53 3682.94 9628.08 7181.05 7342.86 5431.72   12441 11388.6 9498.07 7839.44 16584.6 18435.2 7049.62 13217.5   16836 27078.1 3073.27 36980.9 37113.4 4208.99 27.1188   10.69 68.9049
45.8991    0.000143871    4784.89 9715.51 4537.72 3739.12 26992.7 18061.8  7180.3 872.478 45.2823 12.7923 6093.64 86175.7 45646.3 41575.6 6034.68 6506.52 4409.55 9394.64 5356.52 3682.94 9628.09 7181.06 7342.86 5431.72   12441 11388.6 9498.07 7839.44 16584.6 18435.2 7049.61 13217.5   16836 27078.1 3073.26 36980.9 37113.5 4208.99 27.1207 10.6899 68.9047
45.8993    0.000143871    4784.89 9715.51 4537.71 3739.11 26992.7 18061.8 7180.29 872.478 45.2817 12.7909 6093.64 86175.7 45646.3 41575.6 6034.68 6506.52 4409.56 9394.65 5356.52 3682.94  9628.1 7181.08 7342.85 5431.72 12441.1 11388.6 9498.06 7839.44 16584.6 18435.2 7049.61 13217.5   16836 27078.1 3073.26 36980.9 37113.5 4208.99 27.1229 10.6898 68.9045
45.8994    0.000172646    4784.88 9715.52  4537.7 3739.11 26992.7 18061.8 7180.28 872.478  45.281 12.7897 6093.66 86175.8 45646.3 41575.6 6034.68 6506.53 4409.57 9394.67 5356.51 3682.94 9628.12  7181.1 7342.85 5431.72 12441.1 11388.6 9498.05 7839.44 16584.6 18435.2  7049.6 13217.5   16836 27078.1 3073.26 36980.9 37113.5 4208.99 27.1256 10.6895 68.9041
45.8997    0.000207175    4784.88 9715.52 4537.69  3739.1 26992.8 18061.8 7180.26 872.479 45.2804 12.7889 6093.67 86175.8 45646.4 41575.6 6034.68 6506.54 4409.59  9394.7 5356.51 3682.93 9628.14 7181.13 7342.84 5431.71 12441.1 11388.7 9498.04 7839.44 16584.6 18435.3 7049.59 13217.5   16836 27078.1 3073.25   36981 37113.5    4209 27.1293  10.689 68.9037
45.8999    0.00024861    4784.87 9715.53 4537.67 3739.08 26992.8 18061.8 7180.23 872.481 45.2797  12.789  6093.7 86175.9 45646.5 41575.7 6034.67 6506.55 4409.61 9394.73 5356.49 3682.92 9628.17 7181.18 7342.82  5431.7 12441.1 11388.7 9498.02 7839.44 16584.7 18435.3 7049.56 13217.5   16836 27078.1 3073.24   36981 37113.5 4209.01 27.1341 10.6881 68.9032
45.9002    0.000298332    4784.86 9715.53 4537.64 3739.05 26992.8 18061.9 7180.18 872.484 45.2792 12.7904 6093.75 86176.1 45646.6 41575.7 6034.67 6506.58 4409.63 9394.79 5356.48 3682.91 9628.22 7181.25 7342.79 5431.69 12441.1 11388.8 9497.98 7839.43 16584.7 18435.4 7049.53 13217.6 16835.9 27078.1 3073.23 36981.1 37113.6 4209.02 27.1406 10.6867 68.9025
9.89202    9.89202    0 0 0 0 0 0 0 0 0 0 0 0 0 0 0 0 0 0 0 0 0 0 0 0 0 0 0 0 0 0 0 0 0 0 0 0 0 0 0 0 0
19.784    9.89202    21943.6 45130.8 25093.3 27455.7   53258 17839.8 16501.2 7779.09 41.9117 91.5271 666.099   54117   33229 36266.1   15652 3161.85 6421.91 6797.31 8704.77 6382.37 17022.8  7835.8 11686.6 9701.78 26141.6 10949.5 15025.7 12759.7 31100.6 12874.3 10446.5 14607.9 26989.7   35092 9901.38 24663.1 27160.9   10907 390.841 350.417 158.823
31.6545    11.8704    10569.2   15397 14389.4 19925.1 39676.7 19406.9 13619.2  5468.2 61.1122 63.5578 1147.25 74292.8 42565.1 52294.5 21583.7 5832.12 9349.04 12828.6 12447.6 8003.46 21851.9   10915 16752.4 12903.8 32924.9 15668.3 22156.4 18545.2 40668.4 19600.9 18264.2 20136.5 30782.6 35243.1 12682.4 36711.6 39197.9 14422.7 192.254 96.8912 165.977
45.899    14.2445    8482.54 14660.3 11507.2   21434 44671.1 24405.1   13729 3471.57  45.556 51.0037 3224.54 93507.3 53552.9 60993.1   25281 8924.18 10657.5   17185 15165.3 9629.47 25522.2 13736.5 20141.5 16150.9 36878.6 18535.3 27357.9 23269.5 47590.1 24089.3 24911.8 25858.7 36768.5 35937.3 15154.6 44657.2 47068.9 16814.3 98.1689 42.7598 135.393
45.9142    0.0152574    7271.47   12663 10717.3 21427.8 44877.4 24459.3 13702.5 3478.59 1541.47 1484.31 3306.19 93588.5 52575.3 61888.6 24634.7 9210.25 10845.9 18320.7 15239.9 9746.46   26095 14073.6 19892.2 16257.2 36493.7 18317.6 27206.2 23320.5 47419.3 23879.7 24752.7 27015.7 35961.5 37939.3 14166.2 45956.8 45473.7 16255.4 1667.43 686.634 778.724
45.9295    0.0152574    6829.33 16029.7 7820.48 21607.7 44960.4 24463.4 13664.3 3482.43 2914.68 2842.47 3366.77   93474 53028.1 60292.9 25122.1 8862.76 11067.2 17288.9 16087.5  9409.6 27175.4 14028.1 20341.4 16128.3 36724.7 18169.5 27529.7 23285.3 47810.4 23809.9 25254.7 27865.3 35609.6 38652.8 14654.7 47634.8 42536.2 16013.3 3430.48 1126.63 1198.05
45.9478    0.0183089    6118.99 15738.6 6996.04 26090.5 44921.2 30938.5 9886.32 3384.43  4756.2 4352.29 2944.13 92877.7 46217.1 46385.4   13030 17557.3 21886.9 41716.9 14760.6 7592.21 26668.4 13713.8 34085.8 18496.4 51741.9 25625.5 25115.4 21700.1 49536.7 26067.8 8872.51 38885.1 22746.4 72049.5   14608 48028.1   43017 15637.6 4614.21 1161.39 1188.65
45.9698    0.0219706    6105.82 17145.1 6870.77 16684.9 38171.7 21556.1 18757.6 3330.65 4528.36  4615.4 3280.99 96028.5 87896.1 33660.9 27856.8 25974.2   21286 46837.8 44351.2  115557  261036  212386  123947 17342.3 66063.4   46915 28748.5  165465  375327  305536  145055   37527 31646.1 66235.3 38429.6 48027.4 42672.3   15138  7115.7 1100.36 816.774
45.9792    0.0094327     217678  226817  107642 15354.1 40150.8 19854.8 21151.2 4616.66 4281.66  5757.3 4136.66  121266  174906  202669 9150.64 27237.6 38827.9 49967.5 36644.1  115996  264114  215119  121126 17310.6 57373.5   50694 16406.6  169927  374976  306729  145610 33295.5 39438.6   62609 17557.2 47960.7 45057.9   14867 8442.71 509.282 237.011
45.9886    0.0094327    86730.2 96453.6 44861.8 15404.4 41952.8 19838.9 23036.1  7506.7  4579.1    7319 5094.21  179457  203723  314416 8940.46 24382.1 37390.1 45839.5 39255.3  119362  276123  225905  112487 18589.8 57974.2 52804.5 20064.6  175639  390699  320458  134822 35123.5 32057.2 60565.3 25227.5   48889 44332.4 14838.6 8413.65 621.681 295.485
67.3808    67.3808    0 0 0 0 0 0 0 0 0 0 0 0 0 0 0 0 0 0 0 0 0
134.762    67.3808         144153 1.43188e+06      804795      362877      471628      446201      441666      236586      676221      665908      397575      136155      663007      711588      415398      162801     45781.6     1205.74     2444.99     2051.45      582.77
215.618    80.8569         178795 1.46863e+06      833218      362162      433324      425418      380435      142008      680241      711625      430460      114199      816459      911804      461829     89674.9     94488.8     1510.29     2070.63     1776.22     517.927
312.647    97.0283         196694 1.48923e+06      853229      372614      412595      419445      352049     88825.5      677507      736856      466034      145779      932387 1.06994e+06      511368      153576      133069     1470.15     2024.32     1720.79     512.103
317.695    5.0488         205553 1.49993e+06      865101      382191      403168      420046      339146     64777.7      673689      749160      495234      175294 1.02646e+06 1.19604e+06      572028      252306      171112     1301.51      1723.3     1485.31      454.99
322.744    5.0488         210965 1.50676e+06      873074      389768      399136      423113      333541     59457.9      670215      755768      516804      200120 1.10004e+06 1.29478e+06      628430      341547      202933     1140.86     1502.82     1322.08     421.546
328.803    6.05856         214557 1.51119e+06      878490      395287      397211      426117      330855     62321.7      667007      758865      533251      220091 1.15961e+06 1.37396e+06      678864      417472      230805     1009.63     1312.52     1184.37     398.255
336.073    7.27027         217061 1.51424e+06      882291      399400      396703      429247      329846     67308.8      663992      759976      545796      236106 1.20829e+06 1.43834e+06      723124      482882      255077     908.899     1170.77     1083.52     384.992
344.797    8.72432         218917 1.51666e+06      885186      402446      396575      431774      329314     71966.3      661143      759822      555603      248906 1.24899e+06 1.49186e+06      761977      539645      276643     833.276     1062.52     1007.56     377.437
355.267    10.4692         220303 1.51855e+06      887394      404725      396618      433792      329022     75833.1      658465      758920      563400      259290  1.2836e+06 1.53716e+06      796359      589666      296020     777.359     981.992     952.183     373.433
2.30482    2.30482    0 0 0 0 0 0 0 0 0 0 0 0 0 0 0 0 0 0 0 0 0 0 0 0 0 0 0 0 0 0 0 0 0 0 0 0 0 0 0 0 0 0 0 0 0 0 0 0 0 0 0 0 0 0 0 0 0 0 0 0 0 0 0 0 0 0 0 0 0 0 0 0 0 0 0 0 0 0 0 0 0
4.60963    2.30482    45782.1 74259.3 47462.9 20529.7 3169.38 10066.1 20876.9 20595.7 17610.5 7040.68   12331 27429.7 15355.7 14199.6 17170.6 27505.7   45150 38126.3 12914.4 8108.58 4048.77 2833.29 4394.92   10718 36361.1 30644.4 10205.4 8695.36 6928.08  2372.6 2826.31 11215.2 37192.4 30775.6 9964.08 8492.48 7409.89 3439.97 1610.37 11302.3 37080.2 30118.4 9660.73 8092.46 8032.22 4563.77 1129.06 10502.5 35168.5 28158.7 8902.62 7471.01  8723.3 5785.97 784.312 10368.8 30909.3 21430.5 9748.65 11679.5 8676.09 15339.6 16220.6 22253.7 19546.2 11703.2 11833.7 14054.6 5665.31 8814.07 7849.29 14749.3 11666.2 911.154 1210.85 7160.12 12837.4 13574.6 7268.65 972.257 694.263
7.37541    2.76578    96430.3  127293 75918.6 15277.5  1248.7 3610.24 6943.57 8643.43 5576.32 6941.78 8112.77 12664.4 4690.81 5709.08 12757.6 11362.2 22075.1   19446 2253.39 6035.11 136.809 561.339 2567.78 3744.07 16468.4 11436.7 2173.12 1549.93 2150.63 1351.75 2134.21 4089.54 15836.1 11547.8 2702.15 1671.39 3831.78 2676.62 2215.06 4544.84 15577.8 11626.8 3056.77 2510.79 4721.27 3227.67 2475.39 4726.54 15130.3 11262.9 2995.73 3036.99 5018.45 2196.82 2836.43 2292.92 14488.3 9325.71 3103.08 6616.89 2902.58  5680.6 5267.53 4956.55   10561 14212.7 7428.34 8242.14   23335 11495.3 9661.78 22074.6 21851.4 3192.47 2224.21 3103.02 5967.86 3083.79 543.108 537.285 359.827
10.6943    3.31894    80407.7  113440 68087.8 24616.8  5199.4 11102.5 14481.3 24049.8 13507.5   11134 14549.5 23656.8 11320.9   10267 9876.57 16566.5 18149.2 13227.5 8691.38 7600.18  3194.2 960.739 3481.79 7001.42 11772.7 10086.4 10010.5 10150.7 2503.22 3224.52 6983.21 7311.13 11477.8 11211.2   10179 8778.52 3500.83 4944.72 8988.83 7254.95   11282 12064.3 10097.5 8292.95 4136.03 5842.45 9845.18 6316.52  9990.8 12392.6 10214.2 8013.14 4904.51 9019.84 12974.3 9012.11 13961.4 6699.22 8352.07   13091 6531.25 11355.2  8093.6 11457.8 9438.49 11317.3 2592.92 10042.3 22886.6 18593.3 14749.4   28856 20880.8 1597.57 956.553 2908.36    6091 6135.21 3572.45 391.754 78.5999
14.6771    3.98272    79899.5  112611 67619.2 28250.3 10275.7 17776.5 26117.8 45396.4 36278.1 18731.1 24462.2 34195.2 16987.6 15158.9 11495.3 18330.4 14098.3 10180.1 11619.5 6704.87 3881.52 2004.56 2662.78 6696.56 5634.33 6844.69 12316.6 8898.95  4246.3  2328.6 3315.89 6245.95 4767.86 7201.87   11826 7551.23 5388.41 2281.93 3025.84 5613.35 4336.67  7472.9 11288.6 7063.37 6391.51 2152.31  1849.1 4048.46 3708.71 6717.58 9458.39 6090.19 6912.38 3010.24  402.84 2549.28 5925.08 4808.38 3747.61 6911.43 5206.89 8393.08 7446.62    5623 11730.3 17127.2  4991.5 10266.8 26823.5 18106.1 16616.1 32470.6   26332 3147.41 959.787  2465.7 5866.89 4719.75 1806.23 1378.03 723.217
19.4563    4.77927    78748.4  110886 65889.3 30917.6 16589.8 26423.8 36909.7 65890.6 54297.2 28816.2 35347.9 45962.9 23124.6 18738.5 11116.4 21544.1 16491.1 11758.4 12474.2 9163.04 2439.56 1399.73 3828.91 9114.51 8743.82 11557.7 13043.6 12183.5 2807.82 3746.42  8174.7 9686.77  8892.9 13311.4 13236.7 11609.2 3799.23 5576.83 10847.2 10068.6 8899.92 14845.3 13591.5 11978.1 4294.05 6758.34 12304.1 9229.38 7776.96 15619.2 14095.6 12302.2 5177.06 11887.7   17580   11015 11854.9 6239.43 7800.02 10391.9 3606.18 12442.1 14630.5 18064.1 11155.9 11985.3 11498.8 13632.1 23800.1 31487.9 24566.1 45621.7 31467.3 2547.88 1924.83 2632.59 6217.07  4693.8 5132.06 3406.95 1302.06
20.3312    0.874849    70547.3  101005 57208.5 38328.5 18918.9 31441.6 40101.8 66809.3 53120.9 32003.2 38375.3 44335.8 25174.3 21113.7 12046.9 13965.7 8988.13  9350.6 7680.56 18494.5   15094 10455.4 9653.39 6127.32 7755.32 12124.2 12513.3 25019.1 19395.4 13796.8 13446.3 8994.16 13557.8   13034 20818.2 35857.2 25217.8 15441.3   14998   11978 17259.1 12959.7 31753.7 50725.8 32909.4 16714.2 15670.7 16871.9 16088.4 9556.29 46030.2 78909.1 47699.8 8327.08 16387.3 25955.3 87492.8 51203.5 32673.6 14915.3 18954.8 52236.9 39896.7 29158.5 47892.8 61719.2 23371.3 52710.6 44886.5 46535.2 35164.7 72257.7 51947.6 3825.66 1383.44 16192.4 35638.4 24035.2 15366.2 3657.29 1283.13
21.206    0.874849    70367.9 99465.6   53981 41813.7 19108.7   33235 44502.5 66886.7 54049.5 34853.8 44367.2 54776.5 32346.8 26009.5   16186 18377.4 13978.7 13759.2 8832.27 20059.5 16276.4 11729.1 13618.4 4106.56 3796.93 12945.8 11433.9 23359.9   17316 16141.3 20025.5 7558.56 9511.94 11603.5 19598.3 33048.8 21238.8 18526.1 23598.3 11250.9   15036 10262.2 28961.1 44785.3 25763.9 17425.2 23357.5 18356.4 25606.2 13244.7 50324.7   61693 23772.1 5661.52 13971.8   38337  104057 52497.7 30542.4   18249 21594.4   70040 53588.4 64926.4 56713.3 45721.7 14563.5 26526.2 23498.7 66905.9 56474.1 91937.8   50895 329.925 3329.91 31923.6 71622.6 45793.3 24873.8 4821.83 2848.24
22.2559    1.04982    68976.8 96883.4 51751.5 43778.4 22613.4 39748.4 49749.1 80093.9 65462.7 38459.6 50117.9   55472 36988.5   28497 13667.8 17406.6 13474.3   13419 9871.44 22963.1 18226.2 14718.3   13535   10068 6608.93 11857.8   14314 28293.5 20813.2 20190.7   19446 16311.6 12294.8  9527.9 23956.2 39063.4 25036.1 22970.3 21750.5 22373.7 17574.1 7446.63 34838.4 51706.4 29780.2 23439.1 21500.3   31616 27916.6 14520.7 59347.9 71222.6   30618 14030.2 31750.4   59708  134747   72149 38748.5 17670.2 26477.6 69178.5 60398.2 64581.5   81274 57397.8 21307.9   35660 26465.6 72306.1 67244.1  101620 55971.4  3147.5 6530.17 50954.2  110374 66851.5 33846.6 7577.87 5390.25
23.5156    1.25978    70951.3 97836.7 51722.8 45233.3   23971   40979 54693.1 82934.4 68163.7 40531.4 47514.5 54254.4 36226.2 29220.5 14879.2 19418.2 13796.9 13231.4 8675.96 21661.2 16787.7 18266.6 16950.9 11027.6 6562.94 11186.4   13508 27022.2 19949.4 24394.4 23474.4 18830.3 12178.9 7740.83   23690 37830.3 23991.5 27955.7 26048.7 26380.5 17976.9 5526.71   34790 51390.2   28089 29007.5 25910.4 36867.4 25370.7 16069.2 67041.7   69484 26019.3 19351.4 38619.6 75328.4  156395 86792.9 41239.3 18930.1 30265.3 73593.8   70009 75981.6  108549 75837.4 26709.5 41537.3 28578.5 81016.9 75688.4  109161 49457.1 9202.86   10475 66085.7  132273   71182 33656.3   13247  9862.7
10.9962    10.9962    0 0 0 0 0 0 0 0 0 0 0 0 0 0 0 0 0 0 0 0 0
21.9923    10.9962    61.9446 113.563 80.9125 44.1753   58.03 77.8549 152.766 159.312 131.651 104.543 152.689 162.977 132.538 102.734 169.437 129.186 125.797 6.77068 7.46164 9.71587 2.42843
35.1877    13.1954    199.692   453.8 325.935  145.93 309.999 424.749 322.814 269.519 211.928 165.901 239.446 256.476 209.399 163.402 271.116 206.727 201.299  10.841 11.9573 15.5735 3.87944
51.0221    15.8345     425.74 990.099 713.919 307.128 470.408 625.198 502.274 421.806 323.327 248.094 342.607 367.753 300.878 235.652 392.314 299.207 291.317 15.7377 17.3844 22.6337 5.64914
70.0235    19.0014    26842.8 97734.8  107824 72103.7  123404  115439 79036.2 84950.9  121983  114022 75643.8 82234.7  121724  110113  100338  109407 44425.5 61.3259 63.3312  65.332 25.6143
70.3705    0.346958    26849.7 97738.7  107826 72105.8  123414  115443 79042.2 84956.3  121990  114029 75645.4 82237.5  121733  110119  100341  109413 44432.2 61.4965 63.4847 65.5191 25.6679
70.7174    0.346958    26843.6 97735.1  107825 72101.4  123421  115467 79037.3 84948.1  121983  114021 75640.9 82232.5  121725  110112  100335  109406 44429.6 61.5453 63.5321 65.6412 25.6903
71.1338    0.416349    26843.5 97733.5  107823 72095.9  123443  115505 79036.6 84943.7  121983  114020 75639.4 82231.1  121725  110111  100333  109406 44431.9 61.6608 63.6404 65.8204 25.7343
71.6334    0.499619    26842.8 97733.8  107822 72097.9  123427  115477 79032.2 84943.3  121984  114019 75637.9 82229.8  121725  110110  100331  109405 44434.7 61.8144 63.7816 66.0405 25.7898
72.2329    0.599543      26847 97743.4  107826 72092.5  123429  115483   79028 84939.9  121985  114017 75636.2 82228.4  121725  110109  100328  109405 44438.2  61.999  63.952  66.306 25.8575
