0.000E+00    
2.500E+02    
5.000E+02    
7.500E+02    
1.000E+03    
1.250E+03    
1.500E+03    
1.750E+03    
2.000E+03    
2.250E+03    
2.500E+03    
2.750E+03    
3.000E+03    
3.250E+03    
3.500E+03    
3.750E+03    
4.000E+03    
4.250E+03    
4.500E+03    
4.750E+03    
5.000E+03    
0.000E+00    
2.500E+02    
5.000E+02    
7.500E+02    
1.000E+03    
1.250E+03    
1.500E+03    
1.750E+03    
2.000E+03    
2.250E+03    
2.500E+03    
2.750E+03    
3.000E+03    
3.250E+03    
3.500E+03    
3.750E+03    
4.000E+03    
4.250E+03    
4.500E+03    
4.750E+03    
5.000E+03    
